<Ticker>,<Per>,<DTYYYYMMDD>,<TIME>,<Open>,<High>,<Low>,<Close>,<Vol>,<Openint>
BCHUSDT,d,20191128,000000,220.0800,224.6000,212.0200,217.4100,11556.80086,217.4100,5718
BCHUSDT,d,20191129,000000,217.4000,226.4900,216.9000,224.0000,50234.55027,224.0000,5718
BCHUSDT,d,20191130,000000,223.8900,224.6700,214.4100,217.4500,47622.18011,217.4500,5718
BCHUSDT,d,20191201,000000,217.4300,218.1800,209.2400,214.3600,46721.57914,214.3600,5718
BCHUSDT,d,20191202,000000,214.3700,216.2500,209.6800,213.6700,43397.32559,213.6700,5718
BCHUSDT,d,20191203,000000,213.7200,215.9500,210.9900,211.5000,28430.46455,211.5000,5718
BCHUSDT,d,20191204,000000,211.4700,219.6800,202.5000,207.4700,93351.89396,207.4700,5718
BCHUSDT,d,20191205,000000,207.3600,214.4600,200.8800,211.5000,58415.66785,211.5000,5718
BCHUSDT,d,20191206,000000,211.6000,214.0000,209.2000,212.8400,36081.71398,212.8400,5718
BCHUSDT,d,20191207,000000,212.9000,216.6200,210.0100,211.0000,26962.16937,211.0000,5718
BCHUSDT,d,20191208,000000,210.9700,214.8900,208.0000,212.5800,23530.67976,212.5800,5718
BCHUSDT,d,20191209,000000,212.4200,215.0800,205.4000,208.2700,36474.63924,208.2700,5718
BCHUSDT,d,20191210,000000,208.1800,209.3500,203.7100,206.5400,27927.89853,206.5400,5718
BCHUSDT,d,20191211,000000,206.6300,207.9900,204.0500,207.0100,15264.51196,207.0100,5718
BCHUSDT,d,20191212,000000,207.1000,207.9700,203.6700,206.7900,26540.59504,206.7900,5718
BCHUSDT,d,20191213,000000,206.6200,212.7100,206.2500,211.3200,33534.36619,211.3200,5718
BCHUSDT,d,20191214,000000,211.4400,213.1100,204.6700,205.8200,34067.96904,205.8200,5718
BCHUSDT,d,20191215,000000,205.8700,211.7200,204.8800,206.8800,37076.8692,206.8800,5718
BCHUSDT,d,20191216,000000,206.8700,208.6700,193.8500,196.2700,82405.61891,196.2700,5718
BCHUSDT,d,20191217,000000,196.2600,196.9600,172.1000,176.4500,127025.58764,176.450,5718
BCHUSDT,d,20191218,000000,176.4500,191.7500,169.6600,189.0000,144833.0183,189.0000,5718
BCHUSDT,d,20191219,000000,188.9000,191.0000,183.4900,185.9600,54337.20347,185.960,5718
BCHUSDT,d,20191220,000000,186.0700,190.7200,183.8200,187.4400,43236.75189,187.440,5718
BCHUSDT,d,20191221,000000,187.3900,188.4300,185.3300,186.2100,19488.47281,186.2100,5718
BCHUSDT,d,20191222,000000,186.2100,197.4000,185.7300,196.2700,54636.39805,196.2700,5718
BCHUSDT,d,20191223,000000,196.2800,198.0000,188.2000,189.6100,57146.5522,189.610,5718
BCHUSDT,d,20191224,000000,189.6600,191.6800,185.0000,188.3000,50765.49176,188.3000,5718
BCHUSDT,d,20191225,000000,188.3100,188.7800,182.6900,185.3400,31724.59117,185.340,5718
BCHUSDT,d,20191226,000000,185.3400,194.9900,184.0100,187.7900,48012.30969,187.7900,5718
BCHUSDT,d,20191227,000000,187.7000,203.9200,186.8300,203.2100,120980.63718,203.210,5718
BCHUSDT,d,20191228,000000,203.3300,210.0000,202.5300,206.2700,81593.20921,206.270,5718
BCHUSDT,d,20191229,000000,206.2600,215.9400,204.3400,212.3400,80763.47218,212.3400,5718
BCHUSDT,d,20191230,000000,212.2900,215.0000,205.6500,208.6200,76221.01161,208.6200,5718
BCHUSDT,d,20191231,000000,208.6100,214.1100,201.7300,204.5200,89320.43252,204.5200,5718
BCHUSDT,d,20200101,000000,204.5700,209.0000,203.1000,204.4400,43234.9585,204.4400,5718
BCHUSDT,d,20200102,000000,204.4300,205.5300,192.8000,195.4900,76481.1405,195.4900,5718
BCHUSDT,d,20200103,000000,195.4900,226.0000,191.9000,222.4300,236151.17473,222.4300,5718
BCHUSDT,d,20200104,000000,222.3800,227.6400,219.5600,224.4700,110315.64423,224.4700,5718
BCHUSDT,d,20200105,000000,224.4500,227.6300,220.6000,222.7900,90338.28418,222.7900,5718
BCHUSDT,d,20200106,000000,222.8200,247.0000,222.2000,244.2500,177504.59026,244.2500,5718
BCHUSDT,d,20200107,000000,244.2600,246.9000,232.0000,242.3000,180860.80127,242.3000,5718
BCHUSDT,d,20200108,000000,242.4800,255.1900,229.5900,240.1900,238290.07035,240.1900,5718
BCHUSDT,d,20200109,000000,240.1300,243.8900,231.2600,238.0100,109003.33057,238.0100,5718
BCHUSDT,d,20200110,000000,238.0600,275.0000,231.1300,271.8300,311448.58074,271.8300,5718
BCHUSDT,d,20200111,000000,271.9500,279.4900,258.6800,260.8300,199691.49268,260.8300,5718
BCHUSDT,d,20200112,000000,260.6900,271.3900,257.8500,270.7700,105180.61526,270.7700,5718
BCHUSDT,d,20200113,000000,270.8500,272.9900,261.0600,267.2100,91495.50923,267.2100,5718
BCHUSDT,d,20200114,000000,267.2400,368.0800,267.1400,348.3500,827847.55896,348.3500,5718
BCHUSDT,d,20200115,000000,348.3500,362.8900,312.6200,339.9900,498653.95613,339.9900,5718
BCHUSDT,d,20200116,000000,340.0000,342.9600,309.2000,326.7600,247311.30454,326.7600,5718
BCHUSDT,d,20200117,000000,326.5800,383.9200,319.4600,368.0000,395293.4218,368.0000,5718
BCHUSDT,d,20200118,000000,367.9800,405.8600,330.0000,339.0100,482356.86961,339.010,5718
BCHUSDT,d,20200119,000000,338.7900,366.2700,319.7800,339.6100,305020.88339,339.6100,5718
BCHUSDT,d,20200120,000000,339.5400,352.9400,322.4600,343.3900,171058.37052,343.390,5718
BCHUSDT,d,20200121,000000,343.3800,348.2200,332.0500,343.5000,107803.73807,343.500,5718
BCHUSDT,d,20200122,000000,343.5000,354.5200,339.1600,349.2200,96093.49399,349.2200,5718
BCHUSDT,d,20200123,000000,349.1100,350.1500,316.3600,325.2100,135190.02823,325.2100,5718
BCHUSDT,d,20200124,000000,325.0900,327.9500,297.0000,318.8300,217601.81697,318.830,5718
BCHUSDT,d,20200125,000000,318.8200,319.2700,305.1000,310.1300,100771.89962,310.1300,5718
BCHUSDT,d,20200126,000000,310.2900,349.9600,307.4300,348.2400,176481.76156,348.240,5718
BCHUSDT,d,20200127,000000,348.2500,378.1900,347.6500,362.8600,248777.01991,362.8600,5718
BCHUSDT,d,20200128,000000,362.9000,385.3800,360.2600,378.6000,210830.79139,378.600,5718
BCHUSDT,d,20200129,000000,378.4300,396.3100,375.8000,380.2600,200640.1964,380.260,5718
BCHUSDT,d,20200130,000000,380.2400,399.3400,370.8800,392.6900,197841.16173,392.6900,5718
BCHUSDT,d,20200131,000000,392.5200,394.9900,364.1600,374.8600,146704.06246,374.8600,5718
BCHUSDT,d,20200201,000000,374.8900,389.6400,372.3100,380.0800,106551.71789,380.0800,5718
BCHUSDT,d,20200202,000000,380.1600,387.7000,368.9100,377.3400,98738.97527,377.3400,5718
BCHUSDT,d,20200203,000000,377.2400,392.8400,374.4000,384.2500,132459.04345,384.2500,5718
BCHUSDT,d,20200204,000000,384.1900,389.5000,372.3800,380.9300,111599.02261,380.9300,5718
BCHUSDT,d,20200205,000000,380.9500,445.4600,378.7200,444.9200,254489.93106,444.9200,5718
BCHUSDT,d,20200206,000000,444.9300,448.4300,416.8800,445.7600,183772.05365,445.7600,5718
BCHUSDT,d,20200207,000000,445.6900,459.7000,432.1200,439.2100,152210.53024,439.2100,5718
BCHUSDT,d,20200208,000000,439.3900,454.5000,425.1600,444.4600,147309.77991,444.4600,5718
BCHUSDT,d,20200209,000000,444.4600,460.5500,434.7900,449.7200,149967.53436,449.7200,5718
BCHUSDT,d,20200210,000000,449.7700,463.3700,435.8600,452.0500,150905.28806,452.0500,5718
BCHUSDT,d,20200211,000000,452.0000,469.3200,440.4400,461.8900,149039.05207,461.8900,5718
BCHUSDT,d,20200212,000000,462.0000,481.8700,462.0000,473.5500,163282.70277,473.5500,5718
BCHUSDT,d,20200213,000000,473.5500,484.9800,457.7000,477.3200,174921.81401,477.3200,5718
BCHUSDT,d,20200214,000000,477.1700,498.2300,465.9900,493.7700,141147.43543,493.7700,5718
BCHUSDT,d,20200215,000000,493.7700,494.9900,414.0000,438.9600,202082.72431,438.9600,5718
BCHUSDT,d,20200216,000000,438.8800,458.2200,382.0900,411.6800,254154.92558,411.6800,5718
BCHUSDT,d,20200217,000000,411.8100,417.0900,367.0000,412.9900,366860.16592,412.9900,5718
BCHUSDT,d,20200218,000000,412.9900,427.4700,385.0000,420.2000,243144.07689,420.2000,5718
BCHUSDT,d,20200219,000000,420.3800,423.7000,370.0000,378.4600,146767.64105,378.460,5718
BCHUSDT,d,20200220,000000,378.3700,388.0000,352.7000,371.1000,207799.23573,371.1000,5718
BCHUSDT,d,20200221,000000,370.8800,388.8800,367.2300,377.7400,135650.11257,377.740,5718
BCHUSDT,d,20200222,000000,377.9300,380.4300,366.9300,373.1400,90739.12749,373.140,5718
BCHUSDT,d,20200223,000000,372.9900,404.4200,372.2400,401.5700,119949.80434,401.5700,5718
BCHUSDT,d,20200224,000000,401.5000,408.4300,363.0000,378.2200,192156.78539,378.2200,5718
BCHUSDT,d,20200225,000000,378.0800,379.8500,343.9900,353.0700,181646.01154,353.070,5718
BCHUSDT,d,20200226,000000,353.0100,362.4100,301.1000,316.6700,426041.48888,316.6700,5718
BCHUSDT,d,20200227,000000,316.7700,335.4000,307.1600,324.6200,240590.21235,324.620,5718
BCHUSDT,d,20200228,000000,324.4800,329.3400,298.9500,314.9700,224510.28774,314.9700,5718
BCHUSDT,d,20200229,000000,315.0900,322.5900,305.0000,306.1100,139466.90438,306.110,5718
BCHUSDT,d,20200301,000000,305.9000,325.0000,304.1300,311.9000,150571.38912,311.900,5718
BCHUSDT,d,20200302,000000,311.9000,343.0000,310.6800,339.3300,227311.54962,339.3300,5718
BCHUSDT,d,20200303,000000,339.3300,339.3800,321.1300,329.6100,175358.92439,329.6100,5718
BCHUSDT,d,20200304,000000,329.6600,332.1900,308.3500,319.4600,104895.17055,319.4600,5718
BCHUSDT,d,20200305,000000,319.5800,343.4600,319.3600,337.1000,152373.42593,337.1000,5718
BCHUSDT,d,20200306,000000,337.0800,353.6100,332.3000,350.7300,157186.64747,350.7300,5718
BCHUSDT,d,20200307,000000,350.7400,351.1100,327.0900,330.9200,116341.38746,330.9200,5718
BCHUSDT,d,20200308,000000,330.7700,330.7700,268.0500,272.7700,270727.90033,272.7700,5718
BCHUSDT,d,20200309,000000,272.9000,280.2900,252.1300,273.0000,382248.99619,273.0000,5718
BCHUSDT,d,20200310,000000,273.0400,277.9500,262.8000,271.7900,160017.40439,271.7900,5718
BCHUSDT,d,20200311,000000,271.8500,275.0000,250.0200,266.9800,149899.32355,266.9800,5718
BCHUSDT,d,20200312,000000,267.0800,267.8200,136.0000,144.1300,708864.98116,144.1300,5718
BCHUSDT,d,20200313,000000,144.1300,189.6700,129.0000,177.4600,1012301.98599,177.4600,5718
BCHUSDT,d,20200314,000000,177.4600,180.4000,163.9400,167.2000,272980.24732,167.2000,5718
BCHUSDT,d,20200315,000000,167.0800,190.6900,165.4400,178.2000,263894.36499,178.2000,5718
BCHUSDT,d,20200316,000000,178.2000,184.4100,147.1400,172.4100,472884.60249,172.4100,5718
BCHUSDT,d,20200317,000000,172.4500,188.2700,168.7300,182.4100,306472.09152,182.4100,5718
BCHUSDT,d,20200318,000000,182.5000,186.0000,169.0000,184.8400,244333.93913,184.8400,5718
BCHUSDT,d,20200319,000000,184.7600,233.6000,177.6200,220.8300,461455.1333,220.8300,5718
BCHUSDT,d,20200320,000000,220.8300,246.0600,190.4400,215.1000,534721.29657,215.1000,5718
BCHUSDT,d,20200321,000000,215.0500,230.0000,206.3500,220.0400,308157.88052,220.0400,5718
BCHUSDT,d,20200322,000000,219.9600,233.0000,199.5800,202.7300,308827.69076,202.730,5718
BCHUSDT,d,20200323,000000,202.6500,227.4400,198.0900,221.2600,331523.29314,221.2600,5718
BCHUSDT,d,20200324,000000,221.2300,230.4700,217.3700,227.2400,226641.5096,227.240,5718
BCHUSDT,d,20200325,000000,227.2600,231.4500,213.0900,220.6800,196578.91406,220.680,5718
BCHUSDT,d,20200326,000000,220.7100,228.4300,218.1100,227.7600,162334.97321,227.7600,5718
BCHUSDT,d,20200327,000000,227.7800,233.8100,208.2400,213.2100,194988.91289,213.2100,5718
BCHUSDT,d,20200328,000000,213.3200,217.1300,201.8200,213.8900,225434.50561,213.890,5718
BCHUSDT,d,20200329,000000,213.8600,217.3400,204.5000,205.5400,153829.50916,205.5400,5718
BCHUSDT,d,20200330,000000,205.5100,226.8000,205.3200,219.9700,201359.31912,219.970,5718
BCHUSDT,d,20200331,000000,220.0000,223.8800,215.7600,218.3600,152582.6074,218.3600,5718
BCHUSDT,d,20200401,000000,218.4400,224.9600,211.2400,223.7400,198134.24068,223.740,5718
BCHUSDT,d,20200402,000000,223.7200,248.7700,221.9900,231.7200,277839.53952,231.720,5718
BCHUSDT,d,20200403,000000,231.8400,241.9600,214.0000,236.0900,191323.60359,236.0900,5718
BCHUSDT,d,20200404,000000,236.0900,242.1700,231.8800,238.0200,130943.67133,238.0200,5718
BCHUSDT,d,20200405,000000,238.0500,239.7500,223.1900,230.9900,110988.28015,230.9900,5718
BCHUSDT,d,20200406,000000,231.0200,259.8600,230.7100,258.0900,282642.74262,258.0900,5718
BCHUSDT,d,20200407,000000,258.0800,265.6500,246.7000,252.5200,241539.45207,252.5200,5718
BCHUSDT,d,20200408,000000,252.5200,280.2500,250.0100,267.3100,486782.30826,267.3100,5718
BCHUSDT,d,20200409,000000,267.3400,274.7400,253.2700,255.9100,199027.37846,255.9100,5718
BCHUSDT,d,20200410,000000,255.8800,258.9000,225.3500,232.7000,328217.27947,232.7000,5718
BCHUSDT,d,20200411,000000,232.6100,240.0800,221.7500,232.9400,178953.21376,232.9400,5718
BCHUSDT,d,20200412,000000,232.9300,244.7900,226.8800,233.0900,172737.77899,233.0900,5718
BCHUSDT,d,20200413,000000,233.0900,233.1400,215.1200,223.4900,305494.57383,223.4900,5718
BCHUSDT,d,20200414,000000,223.4400,228.5600,219.0000,223.2000,203075.54043,223.2000,5718
BCHUSDT,d,20200415,000000,223.0400,225.2800,213.8600,215.0400,122359.78773,215.0400,5718
BCHUSDT,d,20200416,000000,214.9700,239.8500,206.3000,234.9500,298870.03799,234.9500,5718
BCHUSDT,d,20200417,000000,235.0000,236.9400,229.1700,231.8800,119139.34792,231.8800,5718
BCHUSDT,d,20200418,000000,231.8300,247.5900,231.5400,243.6400,148102.99343,243.6400,5718
BCHUSDT,d,20200419,000000,243.6300,244.9700,229.0000,231.2700,124667.95811,231.2700,5718
BCHUSDT,d,20200420,000000,231.2700,238.5000,215.6200,219.0200,197183.19121,219.0200,5718
BCHUSDT,d,20200421,000000,219.0200,223.5000,215.0300,219.4200,126076.62108,219.4200,5718
BCHUSDT,d,20200422,000000,219.4400,235.9500,217.3300,232.9400,122547.73928,232.9400,5718
BCHUSDT,d,20200423,000000,233.0800,247.0000,225.8300,237.4000,189880.75558,237.400,5718
BCHUSDT,d,20200424,000000,237.3600,242.2600,233.3100,237.9000,122513.60091,237.9000,5718
BCHUSDT,d,20200425,000000,237.9000,245.7600,235.0400,238.0700,94591.40958,238.070,5718
BCHUSDT,d,20200426,000000,238.0600,249.4200,237.3800,246.3600,138116.3669,246.360,5718
BCHUSDT,d,20200427,000000,246.3500,248.0700,234.0200,242.7500,187200.56808,242.7500,5718
BCHUSDT,d,20200428,000000,242.7700,243.1300,236.9400,241.1400,112366.41789,241.1400,5718
BCHUSDT,d,20200429,000000,241.1400,262.8100,241.0300,257.7700,267847.69583,257.770,5718
BCHUSDT,d,20200430,000000,257.7100,275.5700,245.0100,250.0500,331828.19055,250.0500,5718
BCHUSDT,d,20200501,000000,250.0500,260.2200,250.0500,254.7900,153693.78915,254.790,5718
BCHUSDT,d,20200502,000000,254.7900,261.0000,252.2000,260.8400,103409.54202,260.8400,5718
BCHUSDT,d,20200503,000000,260.8400,267.7600,245.7000,251.6500,166679.52234,251.650,5718
BCHUSDT,d,20200504,000000,251.6900,252.6100,236.0000,245.7500,151932.20063,245.750,5718
BCHUSDT,d,20200505,000000,245.7700,252.2800,240.9600,246.9000,94957.68054,246.9000,5718
BCHUSDT,d,20200506,000000,246.9200,253.9100,239.9500,241.3200,119023.73336,241.3200,5718
BCHUSDT,d,20200507,000000,241.3200,256.6200,235.5000,251.9000,165995.0332,251.9000,5718
BCHUSDT,d,20200508,000000,251.9400,265.8300,247.8500,260.3000,199500.21611,260.3000,5718
BCHUSDT,d,20200509,000000,260.1600,277.4600,258.5100,265.2400,265358.79287,265.2400,5718
BCHUSDT,d,20200510,000000,265.2600,265.7200,221.3300,232.5600,364945.21343,232.5600,5718
BCHUSDT,d,20200511,000000,232.6800,238.0000,216.5200,235.1600,264827.64401,235.1600,5718
BCHUSDT,d,20200512,000000,235.1700,239.4000,228.4200,233.2300,146776.566,233.2300,5718
BCHUSDT,d,20200513,000000,233.2500,242.0000,231.7400,239.4100,104151.89988,239.4100,5718
BCHUSDT,d,20200514,000000,239.3400,245.8200,233.8300,242.6100,173327.58715,242.6100,5718
BCHUSDT,d,20200515,000000,242.5100,243.3900,230.9300,235.2100,115625.77262,235.2100,5718
BCHUSDT,d,20200516,000000,235.1100,240.9000,233.6400,236.4500,106699.94829,236.4500,5718
BCHUSDT,d,20200517,000000,236.4500,247.4300,235.6100,240.7300,105516.29912,240.7300,5718
BCHUSDT,d,20200518,000000,240.7400,255.7500,240.2500,248.5000,159970.51046,248.5000,5718
BCHUSDT,d,20200519,000000,248.4900,250.9400,242.3600,246.7400,110402.72204,246.7400,5718
BCHUSDT,d,20200520,000000,246.8300,247.6600,235.0000,239.8500,127884.72984,239.8500,5718
BCHUSDT,d,20200521,000000,239.7900,243.0000,220.6500,228.2200,149841.8009,228.2200,5718
BCHUSDT,d,20200522,000000,228.1700,236.6900,225.0000,234.6700,111783.65323,234.6700,5718
BCHUSDT,d,20200523,000000,234.6700,240.0000,231.9600,234.1100,89247.90245,234.1100,5718
BCHUSDT,d,20200524,000000,234.1200,237.4800,222.4100,223.0000,91313.85972,223.0000,5718
BCHUSDT,d,20200525,000000,222.9100,233.2800,220.9600,230.5500,80902.6915,230.550,5718
BCHUSDT,d,20200526,000000,230.5600,231.2700,223.9100,228.0100,68127.54164,228.0100,5718
BCHUSDT,d,20200527,000000,228.0000,234.8000,227.0300,232.8500,74807.73248,232.850,5718
BCHUSDT,d,20200528,000000,232.8500,241.0000,228.8500,239.8600,112645.49877,239.860,5718
BCHUSDT,d,20200529,000000,239.9100,243.9900,233.0500,238.4300,84354.78895,238.4300,5718
BCHUSDT,d,20200530,000000,238.3500,253.7500,236.2000,252.3800,129920.53092,252.3800,5718
BCHUSDT,d,20200531,000000,252.4100,252.7600,236.0000,238.6900,134759.41776,238.690,5718
BCHUSDT,d,20200601,000000,238.6700,255.0000,237.4200,253.1900,137868.09636,253.1900,5718
BCHUSDT,d,20200602,000000,253.2900,269.6100,241.6700,250.8500,264191.59595,250.850,5718
BCHUSDT,d,20200603,000000,250.8600,254.0000,246.2500,253.2300,95425.52108,253.2300,5718
BCHUSDT,d,20200604,000000,253.1700,260.9200,247.5000,256.1800,151733.53413,256.180,5718
BCHUSDT,d,20200605,000000,256.1700,263.4500,254.4900,256.0500,116026.08527,256.050,5718
BCHUSDT,d,20200606,000000,256.1100,258.2600,250.8800,253.2300,90657.05023,253.2300,5718
BCHUSDT,d,20200607,000000,253.2100,255.7800,245.2200,253.5600,95042.9939,253.5600,5718
BCHUSDT,d,20200608,000000,253.5600,256.7200,251.3000,255.2400,63486.19609,255.2400,5718
BCHUSDT,d,20200609,000000,255.3000,257.1500,250.5000,254.0500,59892.0129,254.0500,5718
BCHUSDT,d,20200610,000000,254.0200,258.7600,250.6000,256.9400,83425.14722,256.9400,5718
BCHUSDT,d,20200611,000000,256.9500,258.0000,231.2800,234.7400,128129.81168,234.7400,5718
BCHUSDT,d,20200612,000000,234.7300,243.6600,233.0800,240.8500,62740.15513,240.8500,5718
BCHUSDT,d,20200613,000000,240.8500,242.2500,237.2900,240.6900,38019.76311,240.6900,5718
BCHUSDT,d,20200614,000000,240.7000,240.8400,234.9300,237.4800,40676.31486,237.4800,5718
BCHUSDT,d,20200615,000000,237.4700,238.3200,224.4100,235.6400,99741.29236,235.6400,5718
BCHUSDT,d,20200616,000000,235.6400,239.0000,232.5000,237.4600,57655.10926,237.4600,5718
BCHUSDT,d,20200617,000000,237.4700,246.0000,235.0600,240.3900,80189.7269,240.3900,5718
BCHUSDT,d,20200618,000000,240.4000,240.7000,232.5300,236.0400,52913.4817,236.0400,5718
BCHUSDT,d,20200619,000000,236.0500,236.5400,230.4600,233.3900,64051.95688,233.3900,5718
BCHUSDT,d,20200620,000000,233.3900,235.1900,228.6200,232.8000,67102.65437,232.8000,5718
BCHUSDT,d,20200621,000000,232.8000,234.1600,229.7100,230.3100,49052.6883,230.3100,5718
BCHUSDT,d,20200622,000000,230.3300,243.9800,229.7500,241.0300,101177.89114,241.0300,5718
BCHUSDT,d,20200623,000000,241.0400,244.4500,239.1800,240.6900,80116.62369,240.6900,5718
BCHUSDT,d,20200624,000000,240.6800,245.6200,229.3400,232.8000,118724.24935,232.8000,5718
BCHUSDT,d,20200625,000000,232.7200,235.0900,226.2300,232.4500,72028.67203,232.4500,5718
BCHUSDT,d,20200626,000000,232.4500,233.7200,228.1300,230.6500,75857.14051,230.650,5718
BCHUSDT,d,20200627,000000,230.7200,231.5700,204.7700,216.3700,108856.82037,216.3700,5718
BCHUSDT,d,20200628,000000,216.3400,225.4100,213.4000,222.6700,56776.29096,222.670,5718
BCHUSDT,d,20200629,000000,222.6700,227.5000,218.2800,225.2800,82675.06258,225.280,5718
BCHUSDT,d,20200630,000000,225.3300,226.1000,220.4400,222.1200,51309.43015,222.1200,5718
BCHUSDT,d,20200701,000000,222.1100,226.7600,220.5600,223.7800,80148.4913,223.7800,5718
BCHUSDT,d,20200702,000000,223.7700,225.8300,217.1100,219.6500,88532.96078,219.650,5718
BCHUSDT,d,20200703,000000,219.6300,223.8000,218.9600,220.7300,55468.82889,220.7300,5718
BCHUSDT,d,20200704,000000,220.7100,226.8600,220.1900,225.2600,60882.28994,225.260,5718
BCHUSDT,d,20200705,000000,225.2600,225.8700,214.5200,222.2300,69746.31975,222.2300,5718
BCHUSDT,d,20200706,000000,222.2400,243.5900,221.7000,242.3400,137713.99269,242.340,5718
BCHUSDT,d,20200707,000000,242.3500,244.3900,235.0000,237.8300,96506.70511,237.830,5718
BCHUSDT,d,20200708,000000,237.8400,245.9800,235.9300,243.3100,114603.48673,243.3100,5718
BCHUSDT,d,20200709,000000,243.2900,245.6800,232.9900,238.1300,115469.48625,238.1300,5718
BCHUSDT,d,20200710,000000,238.1500,240.3500,232.5000,238.3800,82400.94045,238.3800,5718
BCHUSDT,d,20200711,000000,238.4100,239.4000,234.6100,236.5900,46642.73413,236.5900,5718
BCHUSDT,d,20200712,000000,236.5900,239.3600,231.8200,237.4200,62877.75601,237.4200,5718
BCHUSDT,d,20200713,000000,237.4400,237.8900,223.8300,232.1900,121159.41214,232.1900,5718
BCHUSDT,d,20200714,000000,232.1500,232.2000,226.3800,230.1200,80836.42813,230.1200,5718
BCHUSDT,d,20200715,000000,230.1200,230.8000,225.9100,227.4000,62972.02102,227.4000,5718
BCHUSDT,d,20200716,000000,227.4200,228.0900,216.5500,224.2100,86708.8202,224.2100,5718
BCHUSDT,d,20200717,000000,224.2100,225.6000,221.8800,222.6000,55534.17203,222.6000,5718
BCHUSDT,d,20200718,000000,222.5900,226.6300,222.1800,224.3300,40614.60292,224.3300,5718
BCHUSDT,d,20200719,000000,224.3300,228.8500,220.1400,227.7300,60296.56938,227.7300,5718
BCHUSDT,d,20200720,000000,227.7800,228.5000,220.7300,222.7600,51299.41373,222.7600,5718
BCHUSDT,d,20200721,000000,222.7600,232.5000,222.2200,230.3400,84436.48163,230.3400,5718
BCHUSDT,d,20200722,000000,230.3400,239.9300,227.6600,239.8000,94442.91567,239.8000,5718
BCHUSDT,d,20200723,000000,239.8000,243.0500,234.4300,238.3900,103466.54674,238.3900,5718
BCHUSDT,d,20200724,000000,238.3300,238.9700,232.4900,235.0300,84930.96483,235.0300,5718
BCHUSDT,d,20200725,000000,235.0400,253.5800,234.7700,251.2200,170214.47421,251.2200,5718
BCHUSDT,d,20200726,000000,251.2400,257.2900,244.0300,247.4500,156020.64078,247.4500,5718
BCHUSDT,d,20200727,000000,247.4700,275.2800,247.0400,268.6200,274806.43059,268.6200,5718
BCHUSDT,d,20200728,000000,268.6100,297.4400,264.4500,288.9400,307746.91186,288.940,5718
BCHUSDT,d,20200729,000000,288.9200,294.5000,284.9500,287.6900,184409.18378,287.6900,5718
BCHUSDT,d,20200730,000000,287.6900,300.2900,280.5500,291.6200,188439.29175,291.620,5718
BCHUSDT,d,20200731,000000,291.6200,306.5600,287.0000,300.5000,157367.52645,300.500,5718
BCHUSDT,d,20200801,000000,300.4800,321.1900,298.0000,319.3900,224854.8837,319.3900,5718
BCHUSDT,d,20200802,000000,319.3800,337.9000,235.5000,284.1000,430392.32288,284.1000,5718
BCHUSDT,d,20200803,000000,284.1000,304.6900,278.9900,296.7700,207048.17314,296.770,5718
BCHUSDT,d,20200804,000000,296.7900,303.1400,281.0200,288.0700,153926.10948,288.0700,5718
BCHUSDT,d,20200805,000000,288.0700,298.2500,284.0000,293.5000,191543.19554,293.500,5718
BCHUSDT,d,20200806,000000,293.5600,320.0000,287.3300,309.0000,269135.29624,309.0000,5718
BCHUSDT,d,20200807,000000,309.0000,326.3300,277.0600,302.2000,322693.60595,302.200,5718
BCHUSDT,d,20200808,000000,302.2000,309.5800,297.0700,305.3300,160729.77705,305.330,5718
BCHUSDT,d,20200809,000000,305.3300,309.0200,291.5100,299.9400,141005.25536,299.9400,5718
BCHUSDT,d,20200810,000000,299.9500,309.1700,283.7500,302.4000,198749.83352,302.4000,5718
BCHUSDT,d,20200811,000000,302.3700,305.8100,269.5900,281.8300,232065.22636,281.8300,5718
BCHUSDT,d,20200812,000000,281.8000,290.2000,270.4800,284.6700,163517.54802,284.6700,5718
BCHUSDT,d,20200813,000000,284.7100,297.1200,274.2700,295.7500,176241.93325,295.7500,5718
BCHUSDT,d,20200814,000000,295.7800,297.9700,287.0200,293.3800,169930.75535,293.3800,5718
BCHUSDT,d,20200815,000000,293.3000,308.6200,290.5000,302.1700,211183.74446,302.1700,5718
BCHUSDT,d,20200816,000000,302.2500,313.9200,293.7400,308.2300,216695.57322,308.2300,5718
BCHUSDT,d,20200817,000000,308.3200,325.0000,301.0100,318.0900,271033.8916,318.0900,5718
BCHUSDT,d,20200818,000000,318.0200,324.4400,300.5000,303.1400,214416.37809,303.1400,5718
BCHUSDT,d,20200819,000000,303.1500,309.1600,280.8000,292.7300,185910.32206,292.7300,5718
BCHUSDT,d,20200820,000000,292.7400,296.3200,288.6300,294.6900,103320.74749,294.6900,5718
BCHUSDT,d,20200821,000000,294.6900,305.6000,281.2800,283.0200,174621.87664,283.0200,5718
BCHUSDT,d,20200822,000000,282.9900,287.7400,275.9000,286.4400,97009.60443,286.4400,5718
BCHUSDT,d,20200823,000000,286.4400,288.2000,278.6200,284.6700,69576.69708,284.6700,5718
BCHUSDT,d,20200824,000000,284.7300,295.1000,281.9700,290.6300,95194.72713,290.6300,5718
BCHUSDT,d,20200825,000000,290.6300,291.6200,268.2100,275.5200,146100.61557,275.5200,5718
BCHUSDT,d,20200826,000000,275.5200,279.0000,271.0000,274.8100,101109.15836,274.8100,5718
BCHUSDT,d,20200827,000000,274.8300,277.1600,258.1200,264.7100,165869.72283,264.7100,5718
BCHUSDT,d,20200828,000000,264.7900,271.9300,261.0700,268.6600,102440.04289,268.6600,5718
BCHUSDT,d,20200829,000000,268.5900,272.6500,265.6700,268.0400,78192.33625,268.040,5718
BCHUSDT,d,20200830,000000,268.0200,279.5800,267.6400,279.3900,86086.54011,279.3900,5718
BCHUSDT,d,20200831,000000,279.3300,281.4500,272.7700,273.5000,95088.98476,273.500,5718
BCHUSDT,d,20200901,000000,273.4800,298.0500,268.4600,292.0700,232587.92357,292.070,5718
BCHUSDT,d,20200902,000000,292.0600,295.1700,244.0000,263.8300,294314.69528,263.8300,5718
BCHUSDT,d,20200903,000000,263.9400,266.3600,200.7300,213.6900,341067.39889,213.6900,5718
BCHUSDT,d,20200904,000000,213.6400,239.9100,211.2200,229.9800,305119.21878,229.980,5718
BCHUSDT,d,20200905,000000,229.9800,234.9100,214.0000,225.7100,291639.00415,225.7100,5718
BCHUSDT,d,20200906,000000,225.7400,233.4500,219.0400,227.6700,154472.60549,227.670,5718
BCHUSDT,d,20200907,000000,227.7600,229.9900,215.4400,228.7400,181406.66681,228.7400,5718
BCHUSDT,d,20200908,000000,228.7700,230.5000,215.6600,222.3900,145146.96536,222.390,5718
BCHUSDT,d,20200909,000000,222.4700,228.3900,218.4800,224.0900,82681.91521,224.090,5718
BCHUSDT,d,20200910,000000,224.0500,230.7200,223.7400,227.3800,103271.62362,227.3800,5718
BCHUSDT,d,20200911,000000,227.3600,228.4700,220.3900,225.2000,77133.94291,225.2000,5718
BCHUSDT,d,20200912,000000,225.1900,230.3300,222.4100,230.2300,84278.97841,230.2300,5718
BCHUSDT,d,20200913,000000,230.1800,234.8000,219.1500,222.1000,120800.90227,222.1000,5718
BCHUSDT,d,20200914,000000,222.1000,228.8500,218.8800,225.8300,113473.91585,225.8300,5718
BCHUSDT,d,20200915,000000,225.7300,241.9100,224.7600,235.1900,231104.51732,235.1900,5718
BCHUSDT,d,20200916,000000,235.1700,235.4700,226.2100,230.8500,145579.03889,230.8500,5718
BCHUSDT,d,20200917,000000,230.8300,239.3900,229.6000,232.9100,119522.85706,232.9100,5718
BCHUSDT,d,20200918,000000,232.9000,238.9000,230.0000,234.0000,100204.89149,234.0000,5718
BCHUSDT,d,20200919,000000,234.0000,237.8000,231.5000,233.1600,90683.08321,233.1600,5718
BCHUSDT,d,20200920,000000,233.1600,233.3900,222.0200,226.2400,83900.40352,226.2400,5718
BCHUSDT,d,20200921,000000,226.2500,229.0000,207.4600,212.4800,162247.4783,212.4800,5718
BCHUSDT,d,20200922,000000,212.5200,220.3000,210.4800,220.0800,75236.43768,220.0800,5718
BCHUSDT,d,20200923,000000,220.0800,220.0900,203.0700,207.9700,82400.18281,207.9700,5718
BCHUSDT,d,20200924,000000,207.9900,218.9000,206.2700,216.2200,80128.86091,216.2200,5718
BCHUSDT,d,20200925,000000,216.2200,218.0000,210.8100,216.5200,82751.86333,216.5200,5718
BCHUSDT,d,20200926,000000,216.5400,224.3900,212.4400,221.3200,74651.15637,221.3200,5718
BCHUSDT,d,20200927,000000,221.3100,231.9700,216.2300,229.3300,107758.28822,229.3300,5718
BCHUSDT,d,20200928,000000,229.3700,234.8600,223.7100,225.7500,142750.65256,225.7500,5718
BCHUSDT,d,20200929,000000,225.7600,230.5000,224.3600,229.0600,91593.58668,229.0600,5718
BCHUSDT,d,20200930,000000,229.0400,231.4700,225.0000,227.9600,100046.07232,227.960,5718
BCHUSDT,d,20201001,000000,227.9700,234.3500,221.7000,228.1200,145134.24919,228.1200,5718
BCHUSDT,d,20201002,000000,228.0700,228.4400,212.1400,219.6600,127977.88751,219.660,5718
BCHUSDT,d,20201003,000000,219.6700,221.4900,217.6100,218.5300,41315.77003,218.530,5718
BCHUSDT,d,20201004,000000,218.5000,222.9300,216.3700,220.8900,47612.61012,220.8900,5718
BCHUSDT,d,20201005,000000,220.8800,222.8000,218.0600,221.7500,67277.28727,221.7500,5718
BCHUSDT,d,20201006,000000,221.7900,230.4100,215.5000,219.6300,158747.51497,219.630,5718
BCHUSDT,d,20201007,000000,219.5900,224.6300,216.1800,222.9800,93831.30811,222.9800,5718
BCHUSDT,d,20201008,000000,222.9800,236.4400,221.2300,233.9500,197435.16524,233.950,5718
BCHUSDT,d,20201009,000000,233.9200,240.1800,231.8700,237.1300,157554.96963,237.1300,5718
BCHUSDT,d,20201010,000000,237.1400,246.4500,235.7300,237.2600,142096.72771,237.260,5718
BCHUSDT,d,20201011,000000,237.2700,243.7700,236.1000,238.9700,122148.72131,238.970,5718
BCHUSDT,d,20201012,000000,238.9700,243.9900,232.7000,239.6600,146387.94809,239.6600,5718
BCHUSDT,d,20201013,000000,239.6300,255.4300,237.4200,253.4600,220515.2411,253.4600,5718
BCHUSDT,d,20201014,000000,253.3700,260.4800,249.7500,259.0700,190868.59751,259.0700,5718
BCHUSDT,d,20201015,000000,259.1200,265.2000,255.5000,262.2600,228272.68085,262.2600,5718
BCHUSDT,d,20201016,000000,262.2500,266.5400,243.5100,250.3000,281236.35132,250.3000,5718
BCHUSDT,d,20201017,000000,250.3000,252.6000,241.0100,244.6600,119757.0408,244.6600,5718
BCHUSDT,d,20201018,000000,244.6600,251.0100,243.6400,249.3200,72484.49189,249.3200,5718
BCHUSDT,d,20201019,000000,249.3000,252.7000,245.0000,249.8700,105468.60457,249.8700,5718
BCHUSDT,d,20201020,000000,249.8200,250.0500,237.6700,240.7400,139172.67277,240.7400,5718
BCHUSDT,d,20201021,000000,240.7500,264.1100,239.9800,258.4900,265322.02728,258.4900,5718
BCHUSDT,d,20201022,000000,258.3800,274.6500,258.2600,267.9700,225831.90201,267.9700,5718
BCHUSDT,d,20201023,000000,268.0000,276.0000,264.2000,270.4200,169969.69123,270.4200,5718
BCHUSDT,d,20201024,000000,270.3900,278.6300,267.6000,275.8000,108002.4406,275.8000,5718
BCHUSDT,d,20201025,000000,275.7900,276.0500,268.1900,271.1100,93327.77517,271.1100,5718
BCHUSDT,d,20201026,000000,271.0700,273.3100,252.6100,259.3600,196483.76116,259.3600,5718
BCHUSDT,d,20201027,000000,259.3500,268.0000,257.1200,264.1100,170495.07368,264.1100,5718
BCHUSDT,d,20201028,000000,264.0800,280.9800,258.3300,268.0600,344773.09855,268.0600,5718
BCHUSDT,d,20201029,000000,268.1000,271.5600,257.5600,267.4200,165667.34058,267.4200,5718
BCHUSDT,d,20201030,000000,267.3500,270.6200,254.9800,261.9000,210810.92485,261.9000,5718
BCHUSDT,d,20201031,000000,262.0000,266.3100,259.6000,262.0100,110123.40361,262.0100,5718
BCHUSDT,d,20201101,000000,262.0000,270.8300,260.1600,268.0300,89388.18168,268.030,5718
BCHUSDT,d,20201102,000000,268.0300,271.6600,253.5800,257.2800,186173.01845,257.2800,5718
BCHUSDT,d,20201103,000000,257.3100,258.8100,230.0000,244.2200,331235.0443,244.220,5718
BCHUSDT,d,20201104,000000,244.2100,244.5000,231.0000,241.1400,197644.26823,241.140,5718
BCHUSDT,d,20201105,000000,241.1400,252.0000,240.3400,249.5300,229778.00262,249.5300,5718
BCHUSDT,d,20201106,000000,249.5200,259.5100,248.0100,257.7900,204240.3255,257.7900,5718
BCHUSDT,d,20201107,000000,257.7800,277.0600,245.1100,253.9100,350878.09679,253.910,5718
BCHUSDT,d,20201108,000000,253.9000,278.0000,247.0100,270.8000,214982.91705,270.8000,5718
BCHUSDT,d,20201109,000000,270.7300,274.2400,257.4400,264.2700,200850.06157,264.270,5718
BCHUSDT,d,20201110,000000,264.2600,266.5300,254.7200,257.1900,129833.02885,257.1900,5718
BCHUSDT,d,20201111,000000,257.1900,262.5000,255.1600,256.8600,109661.41371,256.860,5718
BCHUSDT,d,20201112,000000,256.8700,264.9000,251.6900,259.9900,143611.95611,259.990,5718
BCHUSDT,d,20201113,000000,260.0100,262.5000,247.9100,259.2200,159229.51658,259.2200,5718
BCHUSDT,d,20201114,000000,259.2200,263.0000,253.6400,255.1200,93655.51478,255.1200,5718
BCHUSDT,d,20201115,000000,255.1300,260.2900,235.0000,240.4300,227544.07562,240.4300,5718
BCHUSDT,d,20201116,000000,240.4000,253.1900,233.0400,249.6000,200360.7094,249.6000,5718
BCHUSDT,d,20201117,000000,249.6700,259.6200,248.2500,255.3900,149020.89034,255.3900,5718
BCHUSDT,d,20201118,000000,255.2900,260.0000,241.6900,246.2300,164845.09668,246.2300,5718
BCHUSDT,d,20201119,000000,246.2700,250.0300,241.2300,245.8800,94942.86907,245.8800,5718
BCHUSDT,d,20201120,000000,245.9300,260.1600,245.5700,260.0100,186253.42914,260.0100,5718
BCHUSDT,d,20201121,000000,260.0000,309.3500,256.0900,305.0600,554751.82729,305.0600,5718
BCHUSDT,d,20201122,000000,305.0700,312.9700,273.8100,288.9100,471820.8359,288.9100,5718
BCHUSDT,d,20201123,000000,288.9500,327.1200,282.3300,323.2200,504293.36368,323.2200,5718
BCHUSDT,d,20201124,000000,323.0900,372.0000,318.0000,348.0600,812068.67389,348.0600,5718
BCHUSDT,d,20201125,000000,347.7400,363.6100,297.9000,312.9900,544153.84002,312.9900,5718
BCHUSDT,d,20201126,000000,312.8600,321.5000,250.4000,271.4400,841742.99737,271.4400,5718
BCHUSDT,d,20201127,000000,271.4900,279.1100,255.5700,265.4500,328389.02242,265.4500,5718
BCHUSDT,d,20201128,000000,265.5500,284.9800,260.7400,275.9700,274278.38908,275.9700,5718
BCHUSDT,d,20201129,000000,275.9800,289.1000,272.0000,285.0400,226833.85125,285.0400,5718
BCHUSDT,d,20201130,000000,285.1700,322.3700,280.0700,317.4900,405407.27074,317.4900,5718
BCHUSDT,d,20201201,000000,317.3700,320.8700,271.3800,287.6100,539030.71353,287.6100,5718
BCHUSDT,d,20201202,000000,287.4700,298.0000,280.0000,294.1500,194628.47035,294.1500,5718
BCHUSDT,d,20201203,000000,294.2200,297.3800,285.4800,292.1000,141969.44742,292.100,5718
BCHUSDT,d,20201204,000000,292.0700,307.6500,276.6400,279.5600,306549.78921,279.5600,5718
BCHUSDT,d,20201205,000000,279.4700,289.9800,274.4300,289.5700,124587.00682,289.570,5718
BCHUSDT,d,20201206,000000,289.5900,293.6500,279.2400,286.2400,110403.41767,286.240,5718
BCHUSDT,d,20201207,000000,286.2000,290.8700,281.0300,283.8600,98217.22459,283.8600,5718
BCHUSDT,d,20201208,000000,283.9000,284.9600,262.7200,267.7000,128987.98699,267.7000,5718
BCHUSDT,d,20201209,000000,267.8000,271.1900,255.0000,268.7000,157133.45628,268.700,5718
BCHUSDT,d,20201210,000000,268.6000,269.3300,261.3300,265.7500,85390.42785,265.7500,5718
BCHUSDT,d,20201211,000000,265.7700,266.9300,256.0000,259.2400,137006.88403,259.240,5718
BCHUSDT,d,20201212,000000,259.3000,269.7300,257.9600,267.8900,104091.46321,267.8900,5718
BCHUSDT,d,20201213,000000,267.7400,282.6000,265.7000,276.0200,113669.80321,276.020,5718
BCHUSDT,d,20201214,000000,275.9600,280.3700,265.0300,276.9400,102754.79724,276.940,5718
BCHUSDT,d,20201215,000000,277.0000,299.0000,270.3000,288.8500,268961.55713,288.8500,5718
BCHUSDT,d,20201216,000000,288.8600,314.4000,281.6900,312.0700,327142.83361,312.0700,5718
BCHUSDT,d,20201217,000000,312.0000,331.3400,300.9000,310.7300,481220.58439,310.7300,5718
BCHUSDT,d,20201218,000000,310.5800,323.1100,305.0000,313.3300,260821.41237,313.3300,5718
BCHUSDT,d,20201219,000000,313.3300,325.5000,309.2000,318.1300,280722.81544,318.1300,5718
BCHUSDT,d,20201220,000000,317.9700,368.5200,310.0500,349.2100,659808.11287,349.2100,5718
BCHUSDT,d,20201221,000000,348.9800,380.4700,307.0000,313.4100,814909.10335,313.4100,5718
BCHUSDT,d,20201222,000000,313.4700,324.8600,298.0000,322.6900,471124.45166,322.6900,5718
BCHUSDT,d,20201223,000000,322.7300,326.4300,266.1600,275.4800,535898.96368,275.4800,5718
BCHUSDT,d,20201224,000000,275.4800,299.6300,270.5600,296.9900,352851.38968,296.9900,5718
BCHUSDT,d,20201225,000000,296.9000,325.3300,293.1000,319.1400,364106.38124,319.1400,5718
BCHUSDT,d,20201226,000000,319.2900,330.3900,310.0000,323.6000,405661.17252,323.6000,5718
BCHUSDT,d,20201227,000000,323.7100,366.8700,307.0100,338.1000,649963.43392,338.1000,5718
BCHUSDT,d,20201228,000000,337.9200,377.0000,334.0000,360.7700,460802.95879,360.7700,5718
BCHUSDT,d,20201229,000000,360.7700,366.9700,330.0100,352.9200,361927.91113,352.9200,5718
BCHUSDT,d,20201230,000000,352.8800,366.8800,341.3300,358.6900,293073.51627,358.6900,5718
BCHUSDT,d,20201231,000000,358.8700,361.5200,334.3300,342.1500,223697.38539,342.1500,5718
BCHUSDT,d,20210101,000000,342.0500,355.4000,331.1600,341.8300,195655.5926,341.8300,5718
BCHUSDT,d,20210102,000000,341.7400,368.0000,333.0500,354.5500,342010.72594,354.5500,5718
BCHUSDT,d,20210103,000000,354.3500,433.8300,354.2200,423.6100,739824.85153,423.6100,5718
BCHUSDT,d,20210104,000000,423.7200,464.3300,380.4200,405.4900,711761.91463,405.490,5718
BCHUSDT,d,20210105,000000,405.6100,425.4400,389.4600,418.0900,351147.81644,418.0900,5718
BCHUSDT,d,20210106,000000,418.4900,458.0000,410.6300,453.4400,368396.77696,453.440,5718
BCHUSDT,d,20210107,000000,453.7200,484.0000,426.8200,448.0000,471462.86752,448.000,5718
BCHUSDT,d,20210108,000000,448.0100,454.4100,401.9500,436.9800,449738.24625,436.9800,5718
BCHUSDT,d,20210109,000000,437.1400,588.6700,417.5200,574.8800,825506.02865,574.8800,5718
BCHUSDT,d,20210110,000000,574.9700,629.7900,548.4000,599.9800,1365089.90235,599.980,5718
BCHUSDT,d,20210111,000000,599.9400,602.9200,400.0000,476.7800,1332756.46176,476.7800,5718
BCHUSDT,d,20210112,000000,476.8700,510.0000,443.0100,451.8800,628843.8071,451.880,5718
BCHUSDT,d,20210113,000000,451.8100,500.8800,435.1000,496.0600,469471.02204,496.0600,5718
BCHUSDT,d,20210114,000000,496.1100,538.8800,483.5000,527.0000,476933.70923,527.000,5718
BCHUSDT,d,20210115,000000,527.1500,536.3900,452.6100,490.7000,488575.14311,490.700,5718
BCHUSDT,d,20210116,000000,490.7000,515.5500,473.4100,489.7400,405440.8685,489.7400,5718
BCHUSDT,d,20210117,000000,489.7800,495.8400,461.4500,479.3700,256429.15291,479.3700,5718
BCHUSDT,d,20210118,000000,479.3200,514.5400,469.2800,508.9500,310010.56706,508.9500,5718
BCHUSDT,d,20210119,000000,508.8300,553.7300,502.7600,507.0400,484274.08508,507.0400,5718
BCHUSDT,d,20210120,000000,507.1400,518.6200,470.0100,496.9500,372676.36061,496.9500,5718
BCHUSDT,d,20210121,000000,496.9600,499.4000,405.4800,418.6800,392151.8381,418.6800,5718
BCHUSDT,d,20210122,000000,418.4100,450.4600,391.7700,439.7900,358565.41933,439.7900,5718
BCHUSDT,d,20210123,000000,439.7900,444.0000,416.0500,431.3600,167946.08758,431.3600,5718
BCHUSDT,d,20210124,000000,431.3400,448.8400,421.4000,439.5200,142813.31791,439.5200,5718
BCHUSDT,d,20210125,000000,439.6700,465.2000,430.4300,432.2800,215535.24162,432.2800,5718
BCHUSDT,d,20210126,000000,432.2000,438.6900,413.0200,427.4600,178944.06097,427.4600,5718
BCHUSDT,d,20210127,000000,427.6000,428.0800,369.7900,377.1700,277907.15105,377.1700,5718
BCHUSDT,d,20210128,000000,377.2500,414.6600,370.1400,404.7500,199449.34452,404.7500,5718
BCHUSDT,d,20210129,000000,404.7700,435.0800,391.1200,407.0300,413125.53863,407.0300,5718
BCHUSDT,d,20210130,000000,407.0900,419.9100,392.1300,417.0200,212546.27868,417.0200,5718
BCHUSDT,d,20210131,000000,417.0000,417.0500,390.5100,399.3000,150953.57725,399.3000,5718
BCHUSDT,d,20210201,000000,399.3000,445.7200,389.5100,414.4800,319432.99763,414.4800,5718
BCHUSDT,d,20210202,000000,414.4300,434.9400,410.9700,430.3100,208441.09144,430.3100,5718
BCHUSDT,d,20210203,000000,430.2300,449.8000,428.0900,446.1000,213884.22723,446.1000,5718
BCHUSDT,d,20210204,000000,446.1300,454.9400,412.7400,420.9100,237044.73323,420.9100,5718
BCHUSDT,d,20210205,000000,421.0300,449.0000,417.5400,447.7200,196582.9991,447.720,5718
BCHUSDT,d,20210206,000000,447.8600,490.2500,445.7900,457.7800,466508.66429,457.7800,5718
BCHUSDT,d,20210207,000000,458.2700,464.0600,429.3700,444.8000,263930.56916,444.800,5718
BCHUSDT,d,20210208,000000,444.7700,488.8600,436.5400,483.9900,287368.36575,483.990,5718
BCHUSDT,d,20210209,000000,483.9900,519.5000,472.7000,514.4200,430012.31946,514.4200,5718
BCHUSDT,d,20210210,000000,514.8500,538.9600,467.5100,494.8500,478451.22132,494.8500,5718
BCHUSDT,d,20210211,000000,495.0800,542.4700,490.5100,530.4000,309368.45755,530.400,5718
BCHUSDT,d,20210212,000000,529.9100,580.0000,509.8400,576.4300,385756.27494,576.4300,5718
BCHUSDT,d,20210213,000000,576.1500,668.6000,540.0000,668.3000,577319.14253,668.300,5718
BCHUSDT,d,20210214,000000,668.3200,749.0000,652.0000,720.4400,781088.02231,720.4400,5718
BCHUSDT,d,20210215,000000,720.4000,773.8400,601.0000,715.5200,895763.44291,715.520,5718
BCHUSDT,d,20210216,000000,715.6100,745.0000,668.8000,705.3900,491219.64157,705.390,5718
BCHUSDT,d,20210217,000000,705.5100,726.9000,675.2600,716.4500,353699.36465,716.4500,5718
BCHUSDT,d,20210218,000000,716.3900,730.0000,688.7500,703.7000,266720.76954,703.7000,5718
BCHUSDT,d,20210219,000000,704.0400,744.1200,681.2600,718.9800,358793.83868,718.9800,5718
BCHUSDT,d,20210220,000000,718.9500,748.8800,626.6500,678.2900,463755.2178,678.2900,5718
BCHUSDT,d,20210221,000000,678.0900,736.6100,665.5100,706.2800,360628.16695,706.2800,5718
BCHUSDT,d,20210222,000000,706.1600,710.4200,535.1700,628.9800,597641.03008,628.9800,5718
BCHUSDT,d,20210223,000000,628.6000,632.5300,407.8000,515.8400,907191.49638,515.8400,5718
BCHUSDT,d,20210224,000000,515.8400,556.1300,495.5300,526.9900,404924.08945,526.9900,5718
BCHUSDT,d,20210225,000000,527.0800,558.0000,493.6200,499.6700,317396.69135,499.6700,5718
BCHUSDT,d,20210226,000000,499.0600,508.6000,457.2200,484.4600,371279.79721,484.4600,5718
BCHUSDT,d,20210227,000000,484.4600,510.0000,473.0900,483.3500,190832.45909,483.3500,5718
BCHUSDT,d,20210228,000000,483.2100,485.2500,431.4000,460.1200,283779.03547,460.1200,5718
BCHUSDT,d,20210301,000000,460.1700,506.3500,457.2800,501.6100,197158.98818,501.6100,5718
BCHUSDT,d,20210302,000000,501.3500,549.8700,494.0600,517.6200,351409.62259,517.6200,5718
BCHUSDT,d,20210303,000000,517.4900,555.7100,510.7900,520.8200,253513.1959,520.8200,5718
BCHUSDT,d,20210304,000000,520.8400,538.7300,492.4300,505.3100,192087.46194,505.3100,5718
BCHUSDT,d,20210305,000000,505.4600,505.8300,472.7000,497.2200,147000.38455,497.2200,5718
BCHUSDT,d,20210306,000000,496.9500,505.8700,482.2800,500.3800,82735.55778,500.3800,5718
BCHUSDT,d,20210307,000000,500.3100,519.1100,500.3100,516.5600,104970.71072,516.5600,5718
BCHUSDT,d,20210308,000000,516.8300,529.8400,500.3300,529.1500,151597.32597,529.1500,5718
BCHUSDT,d,20210309,000000,529.2000,547.1300,523.2200,545.3200,143611.2855,545.320,5718
BCHUSDT,d,20210310,000000,545.4400,568.2400,517.0000,546.2700,229766.30389,546.2700,5718
BCHUSDT,d,20210311,000000,546.4200,565.1500,528.0000,549.8500,244274.8919,549.850,5718
BCHUSDT,d,20210312,000000,549.8100,564.0800,508.8900,538.4400,209147.55984,538.440,5718
BCHUSDT,d,20210313,000000,538.3600,608.9600,521.2700,593.9900,260595.48583,593.9900,5718
BCHUSDT,d,20210314,000000,594.0600,601.9800,551.1800,552.0200,197851.56796,552.0200,5718
BCHUSDT,d,20210315,000000,551.7200,568.1600,514.5600,523.2000,218431.83319,523.200,5718
BCHUSDT,d,20210316,000000,523.5600,538.4500,502.2000,528.5000,143752.20213,528.5000,5718
BCHUSDT,d,20210317,000000,528.6300,542.0400,511.4000,541.5700,90157.53471,541.570,5718
BCHUSDT,d,20210318,000000,541.6700,547.0000,522.5900,528.1700,106568.49627,528.1700,5718
BCHUSDT,d,20210319,000000,528.4500,551.0000,516.9200,532.3700,93469.59007,532.370,5718
BCHUSDT,d,20210320,000000,532.3000,551.8800,529.5100,536.0500,80188.49595,536.050,5718
BCHUSDT,d,20210321,000000,536.2800,543.2600,515.0000,523.5900,74186.58933,523.5900,5718
BCHUSDT,d,20210322,000000,523.5800,539.6300,506.0000,509.0700,129368.92675,509.0700,5718
BCHUSDT,d,20210323,000000,509.1000,533.5900,505.4000,510.7600,143098.49874,510.7600,5718
BCHUSDT,d,20210324,000000,510.8100,529.5800,441.4700,474.2200,151972.99143,474.2200,5718
BCHUSDT,d,20210325,000000,474.2300,482.4000,451.0000,472.8000,133333.27476,472.8000,5718
BCHUSDT,d,20210326,000000,472.7900,507.6900,470.3600,505.8100,125094.96215,505.8100,5718
BCHUSDT,d,20210327,000000,505.7500,509.6600,484.8800,500.5800,68717.5698,500.5800,5718
BCHUSDT,d,20210328,000000,500.5900,505.5900,485.0000,497.0400,65710.04194,497.0400,5718
BCHUSDT,d,20210329,000000,497.1000,525.0000,491.5000,518.3600,86795.79347,518.3600,5718
BCHUSDT,d,20210330,000000,518.3700,536.5500,511.3000,525.7500,84618.16447,525.7500,5718
BCHUSDT,d,20210331,000000,525.7500,545.1500,502.6300,541.0600,129530.08694,541.0600,5718
BCHUSDT,d,20210401,000000,541.1100,560.0000,528.6500,556.6600,148840.2563,556.6600,5718
BCHUSDT,d,20210402,000000,556.6600,598.5400,545.1300,580.6400,206037.03486,580.6400,5718
BCHUSDT,d,20210403,000000,580.4000,595.9100,529.1000,530.5900,184193.06816,530.5900,5718
BCHUSDT,d,20210404,000000,530.6600,564.4000,521.0700,560.7800,107555.14523,560.7800,5718
BCHUSDT,d,20210405,000000,560.8000,650.0000,553.6600,647.2100,293929.35765,647.2100,5718
BCHUSDT,d,20210406,000000,647.2400,673.9000,614.6800,662.5000,304984.29926,662.5000,5718
BCHUSDT,d,20210407,000000,662.7100,694.7100,594.2900,615.9300,400244.94801,615.9300,5718
BCHUSDT,d,20210408,000000,615.7700,643.8200,609.1400,643.3500,145110.49667,643.3500,5718
BCHUSDT,d,20210409,000000,642.9300,649.7000,625.0000,631.2100,111815.69502,631.2100,5718
BCHUSDT,d,20210410,000000,631.3800,681.9000,624.3700,673.1000,198066.10152,673.100,5718
BCHUSDT,d,20210411,000000,673.4100,715.7000,669.4800,689.6500,262377.89271,689.6500,5718
BCHUSDT,d,20210412,000000,689.6800,700.0000,652.0500,670.3900,163792.2563,670.390,5718
BCHUSDT,d,20210413,000000,670.5700,752.0000,666.8000,745.1400,322260.75205,745.140,5718
BCHUSDT,d,20210414,000000,745.0600,846.0000,744.8800,814.8500,592566.44498,814.8500,5718
BCHUSDT,d,20210415,000000,814.6100,876.8700,797.7000,864.8200,329984.5866,864.8200,5718
BCHUSDT,d,20210416,000000,864.4400,1175.1400,816.1900,1103.5300,1040206.08635,1103.530,5718
BCHUSDT,d,20210417,000000,1103.5400,1219.9800,988.6200,991.7600,733523.99364,991.7600,5718
BCHUSDT,d,20210418,000000,992.1100,1015.3000,806.8900,972.5100,781742.51031,972.510,5718
BCHUSDT,d,20210419,000000,972.5100,1040.5200,872.1800,891.2700,538626.70315,891.2700,5718
BCHUSDT,d,20210420,000000,891.5700,972.6900,828.0000,940.7900,474777.94408,940.790,5718
BCHUSDT,d,20210421,000000,940.4100,998.8000,899.3100,909.2000,390598.05242,909.200,5718
BCHUSDT,d,20210422,000000,909.2700,971.6100,840.0000,853.0800,418319.88377,853.0800,5718
BCHUSDT,d,20210423,000000,853.2200,874.4400,685.3600,839.3400,608416.42846,839.3400,5718
BCHUSDT,d,20210424,000000,839.3400,843.0100,747.7900,770.4100,255044.98998,770.4100,5718
BCHUSDT,d,20210425,000000,771.3600,807.0100,715.2800,758.8700,164175.23223,758.8700,5718
BCHUSDT,d,20210426,000000,759.3000,850.0000,750.4400,848.8800,240883.28745,848.8800,5718
BCHUSDT,d,20210427,000000,848.8900,892.0000,832.1900,890.5800,190490.33123,890.5800,5718
BCHUSDT,d,20210428,000000,890.1500,929.0000,852.3900,910.4400,251408.92114,910.4400,5718
BCHUSDT,d,20210429,000000,910.4400,915.0000,859.0100,880.4300,154378.4938,880.4300,5718
BCHUSDT,d,20210430,000000,880.2300,1000.8300,869.0500,995.5100,211812.19281,995.5100,5718
BCHUSDT,d,20210501,000000,995.9000,1031.2700,975.9000,1003.7700,186785.08757,1003.7700,5718
BCHUSDT,d,20210502,000000,1003.5500,1011.0000,950.3200,972.2500,120636.34335,972.2500,5718
BCHUSDT,d,20210503,000000,972.6700,1049.0000,971.2000,1015.0200,170309.4877,1015.0200,5718
BCHUSDT,d,20210504,000000,1015.6800,1055.9900,930.6900,950.8900,400173.45451,950.8900,5718
BCHUSDT,d,20210505,000000,951.0200,1477.0000,939.0100,1453.4900,982455.57352,1453.4900,5718
BCHUSDT,d,20210506,000000,1453.0400,1610.3000,1270.1200,1509.2700,1022211.69691,1509.2700,5718
BCHUSDT,d,20210507,000000,1509.2200,1511.4200,1269.4400,1340.7200,571117.72722,1340.7200,5718
BCHUSDT,d,20210508,000000,1340.1500,1449.6300,1322.3300,1396.8600,354887.17744,1396.8600,5718
BCHUSDT,d,20210509,000000,1396.7300,1430.0000,1282.7300,1427.8000,257872.90404,1427.8000,5718
BCHUSDT,d,20210510,000000,1427.8700,1571.8700,1198.1500,1321.3100,480686.22854,1321.3100,5718
BCHUSDT,d,20210511,000000,1321.2000,1550.0000,1300.0000,1547.5100,351316.20726,1547.5100,5718
BCHUSDT,d,20210512,000000,1548.2900,1650.0000,1200.0000,1236.4600,490390.17148,1236.460,5718
BCHUSDT,d,20210513,000000,1236.4600,1344.1000,1133.4200,1258.5200,551513.17345,1258.5200,5718
BCHUSDT,d,20210514,000000,1257.1100,1361.4400,1223.7900,1296.3800,246717.05169,1296.380,5718
BCHUSDT,d,20210515,000000,1296.7800,1336.8400,1161.7900,1171.7500,241359.96058,1171.750,5718
BCHUSDT,d,20210516,000000,1171.3600,1282.0000,1098.9300,1166.6900,281277.75587,1166.6900,5718
BCHUSDT,d,20210517,000000,1166.8800,1168.1400,988.4300,1069.7400,404222.98907,1069.7400,5718
BCHUSDT,d,20210518,000000,1069.6200,1166.1300,1051.2000,1089.3200,231294.37703,1089.320,5718
BCHUSDT,d,20210519,000000,1089.4300,1113.0600,490.0000,694.5100,943458.65757,694.5100,5718
BCHUSDT,d,20210520,000000,694.5000,864.2800,600.0000,817.6500,587781.52102,817.650,5718
BCHUSDT,d,20210521,000000,817.5800,850.9300,604.0000,687.5000,699870.06323,687.5000,5718
BCHUSDT,d,20210522,000000,687.5100,721.7600,598.9800,629.8500,456596.53325,629.850,5718
BCHUSDT,d,20210523,000000,629.9600,659.8500,468.1300,552.3700,687431.92972,552.370,5718
BCHUSDT,d,20210524,000000,551.7400,759.9900,538.1100,754.0000,470042.80887,754.0000,5718
BCHUSDT,d,20210525,000000,753.8000,792.6100,667.6000,718.7900,453339.03018,718.7900,5718
BCHUSDT,d,20210526,000000,719.5000,788.6600,707.2400,763.9600,269036.81715,763.9600,5718
BCHUSDT,d,20210527,000000,764.1600,806.8700,700.5200,750.0300,233887.66575,750.0300,5718
BCHUSDT,d,20210528,000000,750.2000,761.5700,652.2500,688.2800,302614.79017,688.2800,5718
BCHUSDT,d,20210529,000000,688.7500,721.2500,617.5700,651.9600,197313.51574,651.9600,5718
BCHUSDT,d,20210530,000000,652.0000,688.6100,616.0400,661.6600,138072.20393,661.6600,5718
BCHUSDT,d,20210531,000000,661.4100,711.4000,634.3400,702.4600,173886.93112,702.4600,5718
BCHUSDT,d,20210601,000000,702.4700,721.3300,668.1300,691.1300,161829.1859,691.1300,5718
BCHUSDT,d,20210602,000000,691.0700,716.4400,674.5900,697.3600,120872.00835,697.3600,5718
BCHUSDT,d,20210603,000000,697.6800,735.5300,687.4300,718.9100,133112.04059,718.9100,5718
BCHUSDT,d,20210604,000000,718.9800,720.0000,642.6700,670.5200,138793.5841,670.5200,5718
BCHUSDT,d,20210605,000000,670.5700,688.9300,634.1300,649.3100,110720.05945,649.3100,5718
BCHUSDT,d,20210606,000000,649.0400,670.0000,644.5700,656.1000,63516.71238,656.1000,5718
BCHUSDT,d,20210607,000000,656.1700,670.6300,590.4700,596.4500,108223.56663,596.4500,5718
BCHUSDT,d,20210608,000000,596.3000,604.8900,542.6300,595.3100,213866.11326,595.3100,5718
BCHUSDT,d,20210609,000000,595.3100,634.6300,566.1100,634.0000,154574.44857,634.0000,5718
BCHUSDT,d,20210610,000000,633.9900,639.2000,588.1900,601.1100,117895.94848,601.1100,5718
BCHUSDT,d,20210611,000000,601.6100,611.6000,569.4300,577.0400,101686.78286,577.0400,5718
BCHUSDT,d,20210612,000000,577.1900,591.8400,547.1800,580.0000,96151.23981,580.0000,5718
BCHUSDT,d,20210613,000000,580.0600,615.4900,558.6100,613.4600,82082.3743,613.460,5718
BCHUSDT,d,20210614,000000,613.4100,642.0000,598.9400,641.5000,104342.50766,641.5000,5718
BCHUSDT,d,20210615,000000,641.2900,650.3500,616.4300,627.1700,90740.18982,627.170,5718
BCHUSDT,d,20210616,000000,627.1600,628.1700,589.5800,593.7300,84039.84142,593.730,5718
BCHUSDT,d,20210617,000000,593.7000,621.0000,583.6600,598.9500,72418.19694,598.9500,5718
BCHUSDT,d,20210618,000000,599.0100,599.4800,544.6900,563.2100,91446.32394,563.2100,5718
BCHUSDT,d,20210619,000000,563.2700,581.5900,551.3300,552.1200,59695.93864,552.120,5718
BCHUSDT,d,20210620,000000,552.0400,560.8600,513.3600,556.1600,95965.81875,556.1600,5718
BCHUSDT,d,20210621,000000,556.1000,559.8800,454.1300,455.4000,226905.28222,455.400,5718
BCHUSDT,d,20210622,000000,455.2200,478.7600,387.6100,444.0600,331912.80577,444.0600,5718
BCHUSDT,d,20210623,000000,444.2400,485.9000,428.0000,472.7900,172528.56467,472.790,5718
BCHUSDT,d,20210624,000000,472.9900,495.8200,455.2400,486.9600,108182.74342,486.960,5718
BCHUSDT,d,20210625,000000,486.9700,497.5500,449.1800,449.2200,130475.41084,449.2200,5718
BCHUSDT,d,20210626,000000,449.2300,464.4900,428.4300,459.5800,122490.90442,459.5800,5718
BCHUSDT,d,20210627,000000,459.5600,478.3100,446.3500,477.7900,76419.45428,477.7900,5718
BCHUSDT,d,20210628,000000,477.7600,518.8000,472.3100,501.8300,118530.62635,501.8300,5718
BCHUSDT,d,20210629,000000,501.6200,546.8300,499.8900,524.0100,151297.81941,524.0100,5718
BCHUSDT,d,20210630,000000,524.2600,534.3300,498.1400,526.8000,110061.5491,526.8000,5718
BCHUSDT,d,20210701,000000,526.8000,526.8100,485.4600,495.7900,114834.02249,495.7900,5718
BCHUSDT,d,20210702,000000,495.7400,504.7300,475.6900,495.7600,89209.25415,495.7600,5718
BCHUSDT,d,20210703,000000,495.7600,514.8700,487.8400,505.2400,59372.49593,505.2400,5718
BCHUSDT,d,20210704,000000,505.2400,542.0400,495.2600,526.7300,88071.08661,526.7300,5718
BCHUSDT,d,20210705,000000,526.9200,527.4300,487.0000,504.3100,107406.78704,504.3100,5718
BCHUSDT,d,20210706,000000,504.4200,525.9600,499.6200,511.5500,89128.39943,511.5500,5718
BCHUSDT,d,20210707,000000,511.4200,537.7400,505.3500,509.3500,108366.99235,509.3500,5718
BCHUSDT,d,20210708,000000,509.1300,510.8100,479.0200,490.3000,103159.74225,490.3000,5718
BCHUSDT,d,20210709,000000,490.3100,510.2800,471.2200,504.1600,87878.24218,504.1600,5718
BCHUSDT,d,20210710,000000,504.0300,511.2600,483.6200,496.9400,60935.68907,496.9400,5718
BCHUSDT,d,20210711,000000,496.9500,503.7300,489.3000,498.1100,48361.17665,498.1100,5718
BCHUSDT,d,20210712,000000,498.1000,509.0200,471.0600,479.5800,74244.60217,479.5800,5718
BCHUSDT,d,20210713,000000,479.5800,484.4100,459.7700,465.1000,63722.01888,465.1000,5718
BCHUSDT,d,20210714,000000,465.0000,478.4400,443.4100,467.3600,85764.77993,467.3600,5718
BCHUSDT,d,20210715,000000,467.3600,474.0100,443.6200,455.9000,79013.92001,455.900,5718
BCHUSDT,d,20210716,000000,455.7600,464.7600,436.7000,438.0200,72404.4753,438.0200,5718
BCHUSDT,d,20210717,000000,438.1200,446.8100,430.0100,436.0700,66769.39009,436.070,5718
BCHUSDT,d,20210718,000000,436.1500,453.2800,431.7400,437.9200,63907.09716,437.920,5718
BCHUSDT,d,20210719,000000,438.0000,441.3700,413.2200,414.9400,73192.33227,414.9400,5718
BCHUSDT,d,20210720,000000,414.9400,422.2200,383.5300,398.4800,123809.16022,398.4800,5718
BCHUSDT,d,20210721,000000,398.6100,435.5600,392.0000,430.7000,110417.62569,430.700,5718
BCHUSDT,d,20210722,000000,430.7600,445.4800,424.2700,442.1500,77928.94325,442.1500,5718
BCHUSDT,d,20210723,000000,442.2700,456.1200,431.3600,454.7800,71929.13007,454.780,5718
BCHUSDT,d,20210724,000000,454.8000,464.7900,449.9200,458.4900,70744.57755,458.4900,5718
BCHUSDT,d,20210725,000000,458.6300,459.5200,441.1700,454.9900,73995.53641,454.990,5718
BCHUSDT,d,20210726,000000,455.0600,517.9100,452.6500,481.0900,262175.42413,481.090,5718
BCHUSDT,d,20210727,000000,481.2500,504.1000,467.5100,501.9100,124593.31289,501.9100,5718
BCHUSDT,d,20210728,000000,501.7900,519.5200,489.2600,511.4100,136467.60549,511.4100,5718
BCHUSDT,d,20210729,000000,511.6600,547.6600,498.5600,538.9000,132327.90946,538.9000,5718
BCHUSDT,d,20210730,000000,539.0100,553.3800,516.5500,552.7700,126232.68551,552.7700,5718
BCHUSDT,d,20210731,000000,552.7800,558.0000,536.7300,545.9800,93489.27141,545.9800,5718
BCHUSDT,d,20210801,000000,545.8000,564.5700,512.0000,526.2600,128112.36165,526.2600,5718
BCHUSDT,d,20210802,000000,526.2600,567.5700,519.5000,543.3000,132569.06316,543.3000,5718
BCHUSDT,d,20210803,000000,543.2700,551.9200,521.3200,538.6000,91067.60739,538.6000,5718
BCHUSDT,d,20210804,000000,538.5200,552.8400,524.4400,545.7200,87376.84649,545.7200,5718
BCHUSDT,d,20210805,000000,545.7300,550.8200,522.6600,548.3900,128862.96248,548.3900,5718
BCHUSDT,d,20210806,000000,548.4200,561.1700,536.9300,557.4200,132109.43214,557.4200,5718
BCHUSDT,d,20210807,000000,557.4500,590.7600,553.4200,583.5300,190862.13152,583.5300,5718
BCHUSDT,d,20210808,000000,583.6100,590.0100,554.0500,555.5600,144243.45952,555.5600,5718
BCHUSDT,d,20210809,000000,555.5700,601.0000,543.0800,591.3700,162018.25286,591.3700,5718
BCHUSDT,d,20210810,000000,591.3200,607.5700,573.4000,592.0600,144091.9939,592.0600,5718
BCHUSDT,d,20210811,000000,592.2400,632.4600,590.4900,620.3700,143601.15167,620.3700,5718
BCHUSDT,d,20210812,000000,620.2800,649.8600,592.3700,606.2100,164788.81625,606.2100,5718
BCHUSDT,d,20210813,000000,606.0900,655.4800,601.1000,654.4400,109691.85796,654.4400,5718
BCHUSDT,d,20210814,000000,654.5000,692.8800,642.0000,692.0800,147262.58574,692.0800,5718
BCHUSDT,d,20210815,000000,691.9500,709.6600,672.0300,703.4200,164209.90548,703.4200,5718
BCHUSDT,d,20210816,000000,703.2500,714.7600,673.1600,673.3100,119743.49098,673.310,5718
BCHUSDT,d,20210817,000000,673.2600,691.0500,637.6600,639.1900,109258.83752,639.1900,5718
BCHUSDT,d,20210818,000000,639.1300,655.2500,619.7200,632.0400,108628.80486,632.040,5718
BCHUSDT,d,20210819,000000,631.9500,660.2700,619.6000,659.8300,87859.81953,659.830,5718
BCHUSDT,d,20210820,000000,659.7100,700.4500,652.1300,693.9900,97292.22596,693.9900,5718
BCHUSDT,d,20210821,000000,694.0800,700.0000,671.2500,675.5600,88300.18374,675.5600,5718
BCHUSDT,d,20210822,000000,675.3200,689.3900,652.0000,672.2900,69491.00267,672.290,5718
BCHUSDT,d,20210823,000000,672.3200,694.2400,664.1200,678.2200,148585.12555,678.2200,5718
BCHUSDT,d,20210824,000000,678.0500,683.6800,633.2700,636.3800,92281.60481,636.380,5718
BCHUSDT,d,20210825,000000,636.2500,658.7600,626.2800,650.3900,85748.25743,650.3900,5718
BCHUSDT,d,20210826,000000,650.4000,656.2600,603.8900,606.1000,85550.87441,606.100,5718
BCHUSDT,d,20210827,000000,606.2000,636.4000,596.2000,636.0000,81897.10718,636.000,5718
BCHUSDT,d,20210828,000000,635.9000,646.8000,622.4000,646.6000,59859.89069,646.6000,5718
BCHUSDT,d,20210829,000000,646.6000,693.4000,646.5000,659.0000,208061.96325,659.0000,5718
BCHUSDT,d,20210830,000000,659.0000,665.2000,630.0000,632.4000,82527.806,632.4000,5718
BCHUSDT,d,20210831,000000,632.3000,651.4000,623.9000,636.6000,85649.525,636.6000,5718
BCHUSDT,d,20210901,000000,636.8000,657.4000,625.3000,655.7000,109121.638,655.7000,5718
BCHUSDT,d,20210902,000000,655.8000,673.9000,652.5000,664.3000,78695.693,664.3000,5718
BCHUSDT,d,20210903,000000,664.3000,721.7000,651.0000,713.7000,183097.98987,713.7000,5718
BCHUSDT,d,20210904,000000,713.6000,737.5000,696.4000,709.0000,162246.49484,709.0000,5718
BCHUSDT,d,20210905,000000,709.1000,767.4000,698.1000,764.5000,141345.97943,764.5000,5718
BCHUSDT,d,20210906,000000,764.5000,803.6000,741.2000,784.5000,233263.46948,784.5000,5718
BCHUSDT,d,20210907,000000,784.5000,787.6000,583.1000,673.4000,376360.05746,673.4000,5718
BCHUSDT,d,20210908,000000,673.5000,679.6000,644.1000,662.7000,130590.474,662.7000,5718
BCHUSDT,d,20210909,000000,662.8000,673.5000,655.4000,661.5000,91459.423,661.5000,5718
BCHUSDT,d,20210910,000000,661.4000,673.9000,617.9000,628.9000,89982.715,628.9000,5718
BCHUSDT,d,20210911,000000,628.8000,647.9000,625.6000,636.1000,58841.442,636.1000,5718
BCHUSDT,d,20210912,000000,636.2000,655.3000,623.1000,646.5000,63703.356,646.5000,5718
BCHUSDT,d,20210913,000000,646.6000,661.3000,591.4000,614.1000,169513.768,614.1000,5718
BCHUSDT,d,20210914,000000,614.1000,642.8000,608.4000,640.7000,73259.539,640.7000,5718
BCHUSDT,d,20210915,000000,640.6000,656.9000,632.2000,652.6000,62783.18,652.6000,5718
BCHUSDT,d,20210916,000000,652.5000,655.3000,625.7000,639.2000,77227.74,639.2000,5718
BCHUSDT,d,20210917,000000,639.2000,647.9000,612.4000,621.2000,79876.628,621.200,5718
BCHUSDT,d,20210918,000000,621.4000,638.3000,614.2000,630.8000,54528.418,630.8000,5718
BCHUSDT,d,20210919,000000,630.6000,647.5000,601.7000,608.7000,80578.29,608.700,5718
BCHUSDT,d,20210920,000000,608.8000,609.3000,530.1000,542.7000,179788.74081,542.700,5718
BCHUSDT,d,20210921,000000,542.6000,552.4000,496.6000,505.4000,189039.77906,505.4000,5718
BCHUSDT,d,20210922,000000,505.1000,548.1000,496.2000,547.7000,111368.657,547.7000,5718
BCHUSDT,d,20210923,000000,547.6000,553.8000,532.3000,552.7000,75540.421,552.700,5718
BCHUSDT,d,20210924,000000,552.6000,556.8000,478.9000,513.5000,164421.03637,513.5000,5718
BCHUSDT,d,20210925,000000,513.2000,523.3000,501.7000,516.8000,99450.217,516.800,5718
BCHUSDT,d,20210926,000000,516.9000,519.9000,480.2000,503.2000,161614.939,503.2000,5718
BCHUSDT,d,20210927,000000,503.1000,515.2000,487.6000,488.0000,106024.088,488.000,5718
BCHUSDT,d,20210928,000000,488.1000,499.3000,472.2000,474.2000,104265.5088,474.200,5718
BCHUSDT,d,20210929,000000,474.0000,498.2000,471.3000,484.9000,81899.35354,484.9000,5718
BCHUSDT,d,20210930,000000,484.9000,506.1000,481.9000,502.6000,73302.834,502.6000,5718
BCHUSDT,d,20211001,000000,502.8000,544.7000,500.3000,543.7000,102037.204,543.7000,5718
BCHUSDT,d,20211002,000000,543.7000,559.9000,536.4000,552.1000,67360.385,552.1000,5718
BCHUSDT,d,20211003,000000,552.0000,579.1000,544.5000,571.0000,73818.85,571.0000,5718
BCHUSDT,d,20211004,000000,571.1000,571.2000,530.2000,550.7000,104364.046,550.7000,5718
BCHUSDT,d,20211005,000000,550.8000,600.3000,548.8000,594.5000,101027.901,594.5000,5718
BCHUSDT,d,20211006,000000,594.7000,626.5000,562.1000,617.1000,194811.314,617.1000,5718
BCHUSDT,d,20211007,000000,617.2000,636.7000,597.6000,611.3000,159699.31,611.3000,5718
BCHUSDT,d,20211008,000000,611.5000,617.8000,587.5000,596.2000,115217.982,596.2000,5718
BCHUSDT,d,20211009,000000,596.3000,624.5000,591.3000,615.2000,82548.978,615.2000,5718
BCHUSDT,d,20211010,000000,615.2000,623.2000,582.1000,584.7000,85734.078,584.7000,5718
BCHUSDT,d,20211011,000000,584.5000,618.5000,576.7000,601.3000,102504.502,601.3000,5718
BCHUSDT,d,20211012,000000,601.1000,601.3000,567.7000,587.9000,98138.062,587.9000,5718
BCHUSDT,d,20211013,000000,587.9000,594.9000,571.4000,593.7000,91096.306,593.7000,5718
BCHUSDT,d,20211014,000000,593.7000,607.7000,590.3000,599.1000,75123.447,599.1000,5718
BCHUSDT,d,20211015,000000,599.1000,637.2000,585.6000,625.7000,169544.926,625.7000,5718
BCHUSDT,d,20211016,000000,625.4000,649.4000,623.6000,625.4000,100802.456,625.4000,5718
BCHUSDT,d,20211017,000000,625.6000,628.7000,589.7000,612.5000,84225.557,612.5000,5718
BCHUSDT,d,20211018,000000,612.6000,619.3000,598.3000,611.5000,70874.91,611.5000,5718
BCHUSDT,d,20211019,000000,611.3000,625.0000,599.4000,618.5000,71717.378,618.500,5718
BCHUSDT,d,20211020,000000,618.5000,648.9000,605.1000,644.7000,93634.901,644.7000,5718
BCHUSDT,d,20211021,000000,644.6000,655.9000,621.1000,623.4000,116045.595,623.400,5718
BCHUSDT,d,20211022,000000,623.3000,637.0000,612.5000,623.9000,66136.187,623.900,5718
BCHUSDT,d,20211023,000000,623.8000,637.6000,614.8000,629.1000,50173.939,629.1000,5718
BCHUSDT,d,20211024,000000,629.0000,633.1000,605.6000,617.2000,66362.212,617.2000,5718
BCHUSDT,d,20211025,000000,617.2000,628.5000,614.8000,621.3000,58271.082,621.300,5718
BCHUSDT,d,20211026,000000,621.3000,632.2000,600.0000,611.9000,68384.251,611.9000,5718
BCHUSDT,d,20211027,000000,612.0000,619.2000,531.2000,548.4000,137606.387,548.400,5718
BCHUSDT,d,20211028,000000,548.4000,599.0000,543.8000,578.7000,133464.877,578.7000,5718
BCHUSDT,d,20211029,000000,578.7000,596.6000,574.2000,594.8000,57143.761,594.800,5718
BCHUSDT,d,20211030,000000,594.9000,601.1000,576.0000,585.3000,49042.952,585.300,5718
BCHUSDT,d,20211031,000000,585.3000,604.9000,573.9000,596.9000,84296.587,596.9000,5718
BCHUSDT,d,20211101,000000,596.9000,599.6000,578.5000,586.9000,62284.449,586.9000,5718
BCHUSDT,d,20211102,000000,587.0000,608.6000,582.1000,598.4000,64432.652,598.4000,5718
BCHUSDT,d,20211103,000000,598.5000,620.0000,588.8000,611.0000,117461.926,611.0000,5718
BCHUSDT,d,20211104,000000,611.2000,613.2000,586.2000,595.6000,64670.836,595.6000,5718
BCHUSDT,d,20211105,000000,595.4000,632.8000,591.6000,597.7000,163703.641,597.7000,5718
BCHUSDT,d,20211106,000000,597.6000,602.4000,576.2000,587.4000,51914.276,587.4000,5718
BCHUSDT,d,20211107,000000,587.4000,600.5000,585.8000,600.4000,37065.57,600.4000,5718
BCHUSDT,d,20211108,000000,600.4000,643.0000,598.7000,638.4000,131609.549,638.4000,5718
BCHUSDT,d,20211109,000000,638.4000,731.4000,636.5000,717.5000,337609.008,717.5000,5718
BCHUSDT,d,20211110,000000,717.4000,729.3000,643.9000,662.9000,290490.426,662.9000,5718
BCHUSDT,d,20211111,000000,662.7000,680.8000,658.4000,675.8000,93440.469,675.8000,5718
BCHUSDT,d,20211112,000000,675.8000,684.5000,646.7000,668.1000,107119.819,668.1000,5718
BCHUSDT,d,20211113,000000,668.2000,670.8000,655.4000,665.6000,59366.558,665.6000,5718
BCHUSDT,d,20211114,000000,665.7000,679.6000,657.3000,679.5000,65643.815,679.5000,5718
BCHUSDT,d,20211115,000000,679.6000,686.3000,664.3000,665.6000,72500.056,665.6000,5718
BCHUSDT,d,20211116,000000,665.6000,665.7000,571.0000,597.8000,184354.632,597.8000,5718
BCHUSDT,d,20211117,000000,598.0000,603.7000,577.4000,595.0000,95949.712,595.0000,5718
BCHUSDT,d,20211118,000000,595.1000,601.9000,542.5000,554.4000,112696.84,554.4000,5718
BCHUSDT,d,20211119,000000,554.4000,577.0000,548.1000,574.3000,70640.87,574.3000,5718
BCHUSDT,d,20211120,000000,574.3000,588.3000,564.6000,584.5000,55870.121,584.500,5718
BCHUSDT,d,20211121,000000,584.5000,585.4000,568.7000,574.4000,43043.001,574.4000,5718
BCHUSDT,d,20211122,000000,574.7000,578.3000,546.6000,556.9000,79429.498,556.900,5718
BCHUSDT,d,20211123,000000,556.9000,575.6000,546.2000,571.1000,77026.051,571.100,5718
BCHUSDT,d,20211124,000000,571.0000,620.2000,558.4000,618.8000,147972.635,618.8000,5718
BCHUSDT,d,20211125,000000,618.6000,635.9000,607.5000,616.8000,119004.643,616.8000,5718
BCHUSDT,d,20211126,000000,616.7000,618.7000,540.0000,557.3000,238191.961,557.300,5718
BCHUSDT,d,20211127,000000,557.1000,573.4000,554.9000,562.7000,55251.042,562.7000,5718
BCHUSDT,d,20211128,000000,562.4000,569.2000,530.8000,568.7000,78454.333,568.700,5718
BCHUSDT,d,20211129,000000,568.9000,581.4000,557.0000,574.9000,80606.458,574.9000,5718
BCHUSDT,d,20211130,000000,575.0000,587.7000,556.7000,570.4000,97384.505,570.400,5718
BCHUSDT,d,20211201,000000,570.4000,586.7000,565.0000,570.8000,63632.867,570.800,5718
BCHUSDT,d,20211202,000000,570.5000,574.6000,558.1000,561.7000,58107.089,561.7000,5718
BCHUSDT,d,20211203,000000,561.6000,567.8000,518.7000,532.4000,84425.415,532.4000,5718
BCHUSDT,d,20211204,000000,532.4000,534.8000,344.1000,473.2000,454263.13227,473.2000,5718
BCHUSDT,d,20211205,000000,473.1000,477.8000,434.7000,453.0000,164903.079,453.0000,5718
BCHUSDT,d,20211206,000000,453.2000,480.4000,418.8000,474.8000,183974.198,474.8000,5718
BCHUSDT,d,20211207,000000,474.5000,502.4000,463.7000,474.3000,146890.136,474.3000,5718
BCHUSDT,d,20211208,000000,474.1000,488.2000,463.4000,480.4000,116410.626,480.4000,5718
BCHUSDT,d,20211209,000000,480.7000,483.0000,448.0000,448.6000,108170.725,448.6000,5718
BCHUSDT,d,20211210,000000,448.8000,468.8000,436.7000,438.6000,116635.429,438.6000,5718
BCHUSDT,d,20211211,000000,438.1000,461.5000,431.8000,459.3000,77717.165,459.3000,5718
BCHUSDT,d,20211212,000000,459.4000,462.5000,441.9000,458.0000,51546.569,458.0000,5718
BCHUSDT,d,20211213,000000,457.9000,460.3000,414.3000,421.8000,99442.495,421.8000,5718
BCHUSDT,d,20211214,000000,421.9000,441.9000,418.5000,436.8000,94455.323,436.8000,5718
BCHUSDT,d,20211215,000000,436.7000,450.0000,416.7000,447.6000,93653.304,447.6000,5718
BCHUSDT,d,20211216,000000,447.7000,454.3000,437.1000,438.3000,51300.637,438.3000,5718
BCHUSDT,d,20211217,000000,438.2000,441.5000,417.7000,424.5000,60266.622,424.5000,5718
BCHUSDT,d,20211218,000000,424.6000,439.3000,419.0000,435.7000,43400.341,435.7000,5718
BCHUSDT,d,20211219,000000,435.7000,445.5000,431.8000,432.8000,45051.369,432.8000,5718
BCHUSDT,d,20211220,000000,432.7000,440.0000,419.0000,430.2000,61836.246,430.2000,5718
BCHUSDT,d,20211221,000000,430.2000,440.7000,426.7000,437.7000,46349.448,437.7000,5718
BCHUSDT,d,20211222,000000,437.7000,447.1000,434.6000,438.1000,41487.242,438.100,5718
BCHUSDT,d,20211223,000000,438.1000,458.4000,434.4000,455.6000,50587.851,455.6000,5718
BCHUSDT,d,20211224,000000,455.7000,461.2000,448.5000,451.8000,47095.622,451.800,5718
BCHUSDT,d,20211225,000000,451.9000,460.5000,447.4000,455.1000,32000.055,455.100,5718
BCHUSDT,d,20211226,000000,455.2000,455.4000,444.3000,451.6000,35929.226,451.6000,5718
BCHUSDT,d,20211227,000000,451.6000,476.0000,447.5000,465.3000,73454.131,465.3000,5718
BCHUSDT,d,20211228,000000,465.5000,465.5000,437.7000,439.0000,68358.845,439.000,5718
BCHUSDT,d,20211229,000000,438.9000,445.8000,426.4000,430.1000,49436.705,430.1000,5718
BCHUSDT,d,20211230,000000,430.0000,437.1000,423.5000,431.7000,38427.227,431.700,5718
BCHUSDT,d,20211231,000000,431.4000,437.2000,419.2000,430.2000,65754.929,430.2000,5718
BCHUSDT,d,20220101,000000,430.3000,446.1000,430.3000,444.8000,38968.514,444.800,5718
BCHUSDT,d,20220102,000000,444.8000,452.4000,442.6000,447.7000,47788.519,447.700,5718
BCHUSDT,d,20220103,000000,447.6000,447.9000,431.1000,434.7000,30839.554,434.7000,5718
BCHUSDT,d,20220104,000000,434.8000,439.5000,425.4000,427.1000,39425.964,427.1000,5718
BCHUSDT,d,20220105,000000,427.0000,432.5000,391.1000,399.4000,67592.078,399.4000,5718
BCHUSDT,d,20220106,000000,399.5000,403.9000,387.3000,399.8000,82449.322,399.8000,5718
BCHUSDT,d,20220107,000000,399.7000,401.7000,375.3000,385.7000,107953.813,385.7000,5718
BCHUSDT,d,20220108,000000,385.8000,391.6000,361.0000,372.9000,78690.696,372.9000,5718
BCHUSDT,d,20220109,000000,372.8000,381.1000,367.8000,376.8000,52446.077,376.8000,5718
BCHUSDT,d,20220110,000000,376.8000,378.4000,347.6000,363.6000,99914.207,363.6000,5718
BCHUSDT,d,20220111,000000,363.5000,375.0000,361.7000,369.8000,62635.225,369.8000,5718
BCHUSDT,d,20220112,000000,369.8000,385.9000,367.8000,383.8000,53145.693,383.8000,5718
BCHUSDT,d,20220113,000000,383.7000,391.7000,376.4000,377.5000,50476.739,377.5000,5718
BCHUSDT,d,20220114,000000,377.5000,393.7000,375.6000,385.6000,49743.721,385.6000,5718
BCHUSDT,d,20220115,000000,385.5000,393.0000,382.9000,390.6000,26573.369,390.6000,5718
BCHUSDT,d,20220116,000000,390.7000,393.4000,382.3000,388.1000,23265.962,388.1000,5718
BCHUSDT,d,20220117,000000,388.2000,389.2000,373.0000,380.6000,35421.99,380.6000,5718
BCHUSDT,d,20220118,000000,380.7000,398.7000,374.6000,381.4000,80580.346,381.4000,5718
BCHUSDT,d,20220119,000000,381.4000,384.3000,365.8000,368.9000,54356.984,368.9000,5718
BCHUSDT,d,20220120,000000,369.0000,384.2000,356.3000,357.5000,48632.11,357.5000,5718
BCHUSDT,d,20220121,000000,357.4000,360.0000,308.0000,314.9000,135765.1848,314.9000,5718
BCHUSDT,d,20220122,000000,314.8000,318.8000,265.0000,291.8000,210569.15341,291.8000,5718
BCHUSDT,d,20220123,000000,291.9000,303.5000,283.8000,302.5000,120846.438,302.500,5718
BCHUSDT,d,20220124,000000,302.4000,302.7000,259.6000,292.3000,213574.65285,292.3000,5718
BCHUSDT,d,20220125,000000,292.3000,294.6000,259.9000,291.6000,100039.632,291.600,5718
BCHUSDT,d,20220126,000000,291.6000,314.9000,283.8000,289.1000,123057.252,289.100,5718
BCHUSDT,d,20220127,000000,289.1000,294.9000,277.5000,289.6000,95350.579,289.6000,5718
BCHUSDT,d,20220128,000000,289.6000,297.4000,281.8000,296.8000,67163.287,296.8000,5718
BCHUSDT,d,20220129,000000,296.8000,302.1000,291.3000,298.8000,35536.718,298.800,5718
BCHUSDT,d,20220130,000000,298.9000,302.2000,287.7000,290.0000,43174.979,290.0000,5718
BCHUSDT,d,20220131,000000,289.9000,290.5000,278.1000,285.0000,68025.944,285.000,5718
BCHUSDT,d,20220201,000000,284.9000,290.9000,282.5000,287.7000,51781.381,287.7000,5718
BCHUSDT,d,20220202,000000,287.8000,296.8000,276.3000,277.8000,64386.32,277.800,5718
BCHUSDT,d,20220203,000000,277.9000,281.7000,271.0000,281.2000,66256.66,281.200,5718
BCHUSDT,d,20220204,000000,281.2000,307.0000,276.4000,306.2000,87969.666,306.2000,5718
BCHUSDT,d,20220205,000000,306.1000,329.0000,302.5000,320.5000,89958.852,320.5000,5718
BCHUSDT,d,20220206,000000,320.3000,328.0000,312.0000,324.7000,69991.532,324.7000,5718
BCHUSDT,d,20220207,000000,324.6000,343.9000,317.9000,343.0000,100047.509,343.0000,5718
BCHUSDT,d,20220208,000000,343.2000,355.9000,324.9000,335.2000,135300.44,335.2000,5718
BCHUSDT,d,20220209,000000,335.4000,347.7000,328.2000,345.9000,82944.229,345.9000,5718
BCHUSDT,d,20220210,000000,345.8000,362.7000,336.2000,340.7000,116691.471,340.7000,5718
BCHUSDT,d,20220211,000000,340.7000,342.1000,316.6000,320.9000,91990.739,320.9000,5718
BCHUSDT,d,20220212,000000,320.7000,330.6000,312.1000,330.4000,62685.722,330.4000,5718
BCHUSDT,d,20220213,000000,330.4000,340.0000,324.4000,333.6000,65178.57,333.6000,5718
BCHUSDT,d,20220214,000000,333.7000,337.7000,318.4000,330.5000,61294.607,330.5000,5718
BCHUSDT,d,20220215,000000,330.5000,344.7000,328.9000,343.2000,52385.786,343.2000,5718
BCHUSDT,d,20220216,000000,343.2000,343.3000,328.9000,334.3000,50879.367,334.3000,5718
BCHUSDT,d,20220217,000000,334.3000,336.3000,309.4000,313.0000,60183.746,313.0000,5718
BCHUSDT,d,20220218,000000,313.1000,319.0000,306.3000,310.0000,61666.629,310.0000,5718
BCHUSDT,d,20220219,000000,310.1000,316.2000,305.1000,311.9000,41747.092,311.9000,5718
BCHUSDT,d,20220220,000000,312.0000,312.7000,296.6000,302.6000,59765.619,302.6000,5718
BCHUSDT,d,20220221,000000,302.6000,310.8000,282.4000,283.2000,104936.714,283.2000,5718
BCHUSDT,d,20220222,000000,283.3000,295.5000,275.4000,293.3000,83586.565,293.3000,5718
BCHUSDT,d,20220223,000000,293.2000,305.2000,286.9000,288.2000,61431.821,288.2000,5718
BCHUSDT,d,20220224,000000,288.4000,309.7000,259.6000,300.6000,207461.078,300.600,5718
BCHUSDT,d,20220225,000000,300.5000,312.2000,290.3000,308.5000,83986.054,308.5000,5718
BCHUSDT,d,20220226,000000,308.7000,324.7000,307.2000,315.3000,70252.01,315.300,5718
BCHUSDT,d,20220227,000000,315.2000,321.8000,299.4000,304.0000,68260.329,304.000,5718
BCHUSDT,d,20220228,000000,304.0000,339.2000,300.5000,339.2000,63744.622,339.2000,5718
BCHUSDT,d,20220301,000000,339.0000,343.8000,320.2000,328.7000,85168.234,328.7000,5718
BCHUSDT,d,20220302,000000,328.7000,331.4000,318.0000,320.2000,53014.199,320.200,5718
BCHUSDT,d,20220303,000000,320.1000,321.8000,305.4000,315.3000,43765.626,315.3000,5718
BCHUSDT,d,20220304,000000,315.2000,315.5000,285.8000,290.4000,51202.487,290.400,5718
BCHUSDT,d,20220305,000000,290.4000,295.5000,283.3000,294.2000,31733.767,294.2000,5718
BCHUSDT,d,20220306,000000,294.2000,296.2000,281.3000,282.0000,33095.521,282.000,5718
BCHUSDT,d,20220307,000000,282.1000,291.1000,270.0000,273.9000,65694.827,273.900,5718
BCHUSDT,d,20220308,000000,273.8000,289.7000,272.3000,284.7000,71900.211,284.7000,5718
BCHUSDT,d,20220309,000000,284.4000,318.2000,283.6000,307.2000,79050.453,307.2000,5718
BCHUSDT,d,20220310,000000,307.1000,309.0000,283.3000,289.4000,64067.422,289.4000,5718
BCHUSDT,d,20220311,000000,289.5000,294.9000,281.1000,287.7000,52856.947,287.7000,5718
BCHUSDT,d,20220312,000000,287.6000,294.3000,287.2000,290.8000,31982.217,290.8000,5718
BCHUSDT,d,20220313,000000,290.7000,296.1000,278.1000,279.7000,40607.311,279.7000,5718
BCHUSDT,d,20220314,000000,279.7000,290.0000,277.4000,289.5000,47922.215,289.5000,5718
BCHUSDT,d,20220315,000000,289.5000,292.9000,281.6000,289.3000,50923.929,289.3000,5718
BCHUSDT,d,20220316,000000,289.2000,302.5000,286.2000,299.8000,66368.828,299.8000,5718
BCHUSDT,d,20220317,000000,299.8000,301.3000,294.4000,296.3000,28223.556,296.3000,5718
BCHUSDT,d,20220318,000000,296.2000,306.5000,290.5000,305.5000,47824.277,305.5000,5718
BCHUSDT,d,20220319,000000,305.5000,328.6000,305.4000,327.8000,43265.138,327.8000,5718
BCHUSDT,d,20220320,000000,327.8000,332.9000,315.3000,327.4000,63553.436,327.4000,5718
BCHUSDT,d,20220321,000000,327.4000,340.6000,320.2000,334.9000,77658.049,334.9000,5718
BCHUSDT,d,20220322,000000,334.8000,387.1000,334.3000,375.4000,186187.744,375.4000,5718
BCHUSDT,d,20220323,000000,375.4000,384.3000,353.2000,364.0000,131767.742,364.0000,5718
BCHUSDT,d,20220324,000000,364.0000,367.6000,351.5000,366.1000,86826.59,366.1000,5718
BCHUSDT,d,20220325,000000,366.1000,374.3000,352.8000,364.9000,103907.692,364.9000,5718
BCHUSDT,d,20220326,000000,365.0000,366.3000,356.5000,362.1000,45314.843,362.1000,5718
BCHUSDT,d,20220327,000000,362.0000,377.3000,354.7000,376.6000,68517.844,376.6000,5718
BCHUSDT,d,20220328,000000,376.6000,385.9000,363.3000,368.5000,118129.622,368.500,5718
BCHUSDT,d,20220329,000000,368.4000,387.5000,366.2000,373.3000,101742.574,373.3000,5718
BCHUSDT,d,20220330,000000,373.2000,386.7000,362.7000,380.1000,88081.847,380.100,5718
BCHUSDT,d,20220331,000000,380.1000,391.2000,362.3000,384.3000,125124.264,384.300,5718
BCHUSDT,d,20220401,000000,384.0000,389.4000,363.2000,377.2000,94775.864,377.2000,5718
BCHUSDT,d,20220402,000000,377.2000,383.1000,370.0000,372.4000,67866.957,372.4000,5718
BCHUSDT,d,20220403,000000,372.5000,381.4000,368.1000,378.6000,36385.343,378.600,5718
BCHUSDT,d,20220404,000000,378.7000,379.6000,362.7000,376.2000,54217.976,376.2000,5718
BCHUSDT,d,20220405,000000,376.2000,382.2000,364.9000,365.4000,40589.438,365.400,5718
BCHUSDT,d,20220406,000000,365.3000,368.1000,329.0000,331.0000,74696.67,331.0000,5718
BCHUSDT,d,20220407,000000,330.9000,340.0000,325.1000,336.1000,36139.995,336.100,5718
BCHUSDT,d,20220408,000000,336.0000,338.5000,320.7000,323.0000,39494.237,323.000,5718
BCHUSDT,d,20220409,000000,322.9000,327.7000,321.4000,325.9000,23748.201,325.9000,5718
BCHUSDT,d,20220410,000000,326.0000,332.4000,318.2000,319.8000,32583.909,319.8000,5718
BCHUSDT,d,20220411,000000,319.8000,321.0000,290.7000,294.8000,57665.51,294.8000,5718
BCHUSDT,d,20220412,000000,294.9000,307.4000,293.3000,305.0000,47614.943,305.0000,5718
BCHUSDT,d,20220413,000000,305.0000,349.6000,301.3000,341.2000,139323.15,341.2000,5718
BCHUSDT,d,20220414,000000,341.1000,353.3000,332.6000,337.6000,72737.764,337.6000,5718
BCHUSDT,d,20220415,000000,337.6000,345.2000,333.2000,340.8000,41398.435,340.8000,5718
BCHUSDT,d,20220416,000000,340.8000,347.8000,338.7000,342.9000,27798.862,342.9000,5718
BCHUSDT,d,20220417,000000,342.8000,348.8000,327.2000,327.9000,31958.505,327.9000,5718
BCHUSDT,d,20220418,000000,327.9000,341.0000,312.8000,340.3000,55095.064,340.3000,5718
BCHUSDT,d,20220419,000000,340.4000,343.0000,332.4000,340.5000,40639.799,340.5000,5718
BCHUSDT,d,20220420,000000,340.4000,344.7000,328.9000,330.8000,56700.904,330.8000,5718
BCHUSDT,d,20220421,000000,330.6000,345.7000,311.2000,315.6000,54306.77,315.6000,5718
BCHUSDT,d,20220422,000000,315.6000,334.8000,314.2000,321.1000,59306.426,321.1000,5718
BCHUSDT,d,20220423,000000,321.0000,324.2000,311.2000,312.5000,19616.805,312.5000,5718
BCHUSDT,d,20220424,000000,312.5000,315.0000,307.1000,307.7000,21891.376,307.7000,5718
BCHUSDT,d,20220425,000000,307.6000,315.9000,299.8000,314.5000,52792.077,314.5000,5718
BCHUSDT,d,20220426,000000,314.6000,321.8000,291.3000,296.0000,65129.019,296.0000,5718
BCHUSDT,d,20220427,000000,296.1000,309.4000,293.6000,307.2000,47573.863,307.2000,5718
BCHUSDT,d,20220428,000000,307.2000,312.5000,303.3000,306.5000,43647.97,306.5000,5718
BCHUSDT,d,20220429,000000,306.4000,309.0000,290.8000,294.6000,57473.412,294.600,5718
BCHUSDT,d,20220430,000000,294.8000,298.3000,267.3000,277.7000,50642.594,277.7000,5718
BCHUSDT,d,20220501,000000,277.8000,287.8000,272.7000,284.0000,43048.415,284.000,5718
BCHUSDT,d,20220502,000000,284.0000,290.0000,279.6000,285.0000,53144.924,285.000,5718
BCHUSDT,d,20220503,000000,285.1000,289.7000,276.3000,279.4000,39907.632,279.4000,5718
BCHUSDT,d,20220504,000000,279.5000,300.3000,278.4000,300.0000,54287.64,300.0000,5718
BCHUSDT,d,20220505,000000,299.8000,302.6000,272.3000,277.3000,82891.815,277.300,5718
BCHUSDT,d,20220506,000000,277.3000,277.9000,265.5000,274.9000,63296.088,274.9000,5718
BCHUSDT,d,20220507,000000,274.9000,277.5000,263.5000,268.0000,37432.237,268.000,5718
BCHUSDT,d,20220508,000000,268.1000,269.8000,260.0000,261.7000,55073.925,261.7000,5718
BCHUSDT,d,20220509,000000,261.8000,266.5000,215.0000,218.0000,171747.25931,218.000,5718
BCHUSDT,d,20220510,000000,217.7000,244.4000,210.6000,231.5000,186759.91,231.500,5718
BCHUSDT,d,20220511,000000,231.6000,250.0000,195.0000,207.0000,256814.43,207.0000,5718
BCHUSDT,d,20220512,000000,194.8000,227.2000,156.8000,194.2000,409271.70236,194.2000,5718
BCHUSDT,d,20220513,000000,194.3000,222.2000,191.7000,202.4000,320794.951,202.4000,5718
BCHUSDT,d,20220514,000000,202.3000,237.1000,186.7000,208.8000,198753.386,208.8000,5718
BCHUSDT,d,20220515,000000,208.9000,216.1000,202.5000,214.9000,138302.724,214.9000,5718
BCHUSDT,d,20220516,000000,214.9000,214.9000,196.1000,197.6000,122135.5,197.6000,5718
BCHUSDT,d,20220517,000000,197.7000,215.6000,194.8000,207.0000,244633.56,207.0000,5718
BCHUSDT,d,20220518,000000,206.8000,209.2000,186.2000,186.9000,80255.793,186.9000,5718
BCHUSDT,d,20220519,000000,187.0000,198.9000,180.8000,196.5000,101433.747,196.5000,5718
BCHUSDT,d,20220520,000000,196.6000,200.6000,186.1000,190.1000,102758.797,190.1000,5718
BCHUSDT,d,20220521,000000,190.0000,195.8000,186.6000,192.4000,51094.546,192.4000,5718
BCHUSDT,d,20220522,000000,192.3000,202.4000,190.3000,197.9000,57951.321,197.9000,5718
BCHUSDT,d,20220523,000000,197.9000,208.2000,189.0000,192.0000,116532.633,192.0000,5718
BCHUSDT,d,20220524,000000,191.9000,197.5000,183.2000,195.6000,79347.834,195.6000,5718
BCHUSDT,d,20220525,000000,195.6000,201.4000,189.3000,190.3000,102560.927,190.3000,5718
BCHUSDT,d,20220526,000000,190.2000,192.8000,172.4000,179.6000,103103.356,179.6000,5718
BCHUSDT,d,20220527,000000,179.3000,185.0000,171.6000,174.7000,141717.322,174.7000,5718
BCHUSDT,d,20220528,000000,174.9000,180.6000,173.0000,178.7000,47540.249,178.7000,5718
BCHUSDT,d,20220529,000000,178.7000,186.4000,175.5000,185.2000,54783.336,185.2000,5718
BCHUSDT,d,20220530,000000,185.2000,199.6000,184.5000,196.9000,92578.541,196.9000,5718
BCHUSDT,d,20220531,000000,197.0000,207.4000,191.6000,204.6000,151847.499,204.600,5718
BCHUSDT,d,20220601,000000,204.7000,211.3000,184.1000,186.0000,141982.785,186.0000,5718
BCHUSDT,d,20220602,000000,185.9000,189.8000,182.4000,189.0000,63177.782,189.000,5718
BCHUSDT,d,20220603,000000,188.9000,191.8000,180.2000,183.1000,53426.611,183.100,5718
BCHUSDT,d,20220604,000000,183.0000,189.9000,180.0000,188.8000,34963.818,188.8000,5718
BCHUSDT,d,20220605,000000,188.7000,190.3000,177.9000,179.9000,113501.594,179.9000,5718
BCHUSDT,d,20220606,000000,179.9000,189.2000,179.0000,185.6000,88737.107,185.600,5718
BCHUSDT,d,20220607,000000,185.5000,188.1000,173.1000,182.1000,86468.194,182.1000,5718
BCHUSDT,d,20220608,000000,182.0000,183.0000,174.9000,176.8000,59102.496,176.800,5718
BCHUSDT,d,20220609,000000,176.8000,180.7000,172.4000,175.6000,41535.411,175.6000,5718
BCHUSDT,d,20220610,000000,175.6000,177.6000,166.0000,167.4000,86143.089,167.400,5718
BCHUSDT,d,20220611,000000,167.5000,169.8000,154.7000,156.6000,87208.144,156.600,5718
BCHUSDT,d,20220612,000000,156.8000,158.4000,145.7000,146.0000,115128.30401,146.0000,5718
BCHUSDT,d,20220613,000000,146.1000,149.1000,123.9000,127.1000,289756.38293,127.1000,5718
BCHUSDT,d,20220614,000000,127.0000,135.0000,117.7000,125.9000,213229.55553,125.9000,5718
BCHUSDT,d,20220615,000000,125.9000,131.6000,110.1000,127.9000,219558.00166,127.9000,5718
BCHUSDT,d,20220616,000000,128.0000,130.9000,107.2000,109.4000,320303.436,109.4000,5718
BCHUSDT,d,20220617,000000,109.4000,122.1000,106.6000,121.5000,426728.023,121.5000,5718
BCHUSDT,d,20220618,000000,121.6000,125.4000,109.0000,115.5000,287238.455,115.5000,5718
BCHUSDT,d,20220619,000000,115.4000,123.9000,111.1000,120.6000,191603.131,120.6000,5718
BCHUSDT,d,20220620,000000,120.5000,124.6000,116.1000,118.7000,149101.787,118.7000,5718
BCHUSDT,d,20220621,000000,118.7000,123.2000,113.8000,119.6000,330662.73,119.6000,5718
BCHUSDT,d,20220622,000000,119.6000,119.6000,112.5000,112.8000,123105.819,112.8000,5718
BCHUSDT,d,20220623,000000,112.8000,118.5000,111.5000,116.4000,89088.924,116.4000,5718
BCHUSDT,d,20220624,000000,116.4000,121.2000,113.5000,114.2000,215944.711,114.2000,5718
BCHUSDT,d,20220625,000000,114.3000,116.3000,111.0000,115.5000,268020.388,115.5000,5718
BCHUSDT,d,20220626,000000,115.6000,119.5000,112.4000,112.9000,213252.273,112.9000,5718
BCHUSDT,d,20220627,000000,112.9000,117.2000,110.1000,111.4000,140416.374,111.4000,5718
BCHUSDT,d,20220628,000000,111.5000,112.9000,102.2000,103.3000,198446.736,103.3000,5718
BCHUSDT,d,20220629,000000,103.2000,108.1000,101.3000,104.6000,141247.335,104.6000,5718
BCHUSDT,d,20220630,000000,104.7000,104.9000,97.2000,103.2000,144874.715,103.2000,5718
BCHUSDT,d,20220701,000000,103.2000,106.6000,98.2000,101.4000,105077.914,101.4000,5718
BCHUSDT,d,20220702,000000,101.5000,107.2000,100.6000,106.6000,64583.397,106.600,5718
BCHUSDT,d,20220703,000000,106.6000,108.2000,101.8000,105.7000,64949.576,105.7000,5718
BCHUSDT,d,20220704,000000,105.7000,108.6000,102.6000,108.1000,78326.886,108.100,5718
BCHUSDT,d,20220705,000000,108.2000,108.8000,101.7000,104.1000,101111.634,104.100,5718
BCHUSDT,d,20220706,000000,104.0000,107.3000,102.8000,105.9000,98903.525,105.9000,5718
BCHUSDT,d,20220707,000000,106.0000,112.5000,105.0000,111.5000,93603.653,111.5000,5718
BCHUSDT,d,20220708,000000,111.5000,113.7000,106.8000,108.6000,94129.738,108.600,5718
BCHUSDT,d,20220709,000000,108.6000,113.1000,108.5000,111.3000,61596.642,111.3000,5718
BCHUSDT,d,20220710,000000,111.4000,111.6000,105.3000,106.8000,54321.013,106.800,5718
BCHUSDT,d,20220711,000000,106.8000,107.3000,98.6000,99.1000,69451.613,99.1000,5718
BCHUSDT,d,20220712,000000,99.1000,101.2000,96.7000,97.2000,78773.104,97.200,5718
BCHUSDT,d,20220713,000000,97.3000,102.7000,95.2000,102.5000,101045.44,102.500,5718
BCHUSDT,d,20220714,000000,102.6000,104.1000,99.1000,103.0000,79348.974,103.0000,5718
BCHUSDT,d,20220715,000000,103.0000,107.0000,101.9000,106.2000,92927.226,106.2000,5718
BCHUSDT,d,20220716,000000,106.2000,110.7000,103.8000,109.5000,87772.707,109.5000,5718
BCHUSDT,d,20220717,000000,109.5000,116.3000,107.8000,110.3000,161027.805,110.3000,5718
BCHUSDT,d,20220718,000000,110.3000,122.1000,110.0000,121.3000,157566.476,121.3000,5718
BCHUSDT,d,20220719,000000,121.3000,129.6000,115.9000,128.3000,254745.547,128.3000,5718
BCHUSDT,d,20220720,000000,128.3000,131.3000,119.8000,121.7000,166697.167,121.7000,5718
BCHUSDT,d,20220721,000000,121.8000,124.3000,117.5000,123.1000,144413.339,123.1000,5718
BCHUSDT,d,20220722,000000,123.1000,129.5000,119.7000,123.3000,186949.286,123.3000,5718
BCHUSDT,d,20220723,000000,123.2000,127.1000,118.1000,122.4000,116672.581,122.4000,5718
BCHUSDT,d,20220724,000000,122.3000,135.0000,122.3000,131.9000,164345.368,131.9000,5718
BCHUSDT,d,20220725,000000,131.9000,133.1000,117.5000,117.9000,166903.001,117.9000,5718
BCHUSDT,d,20220726,000000,118.1000,119.1000,113.6000,118.9000,126392.482,118.9000,5718
BCHUSDT,d,20220727,000000,118.8000,127.5000,116.1000,127.4000,136958.937,127.4000,5718
BCHUSDT,d,20220728,000000,127.4000,159.7000,127.1000,155.3000,461450.485,155.3000,5718
BCHUSDT,d,20220729,000000,155.8000,165.5000,147.3000,151.9000,403957.606,151.9000,5718
BCHUSDT,d,20220730,000000,151.9000,154.6000,143.2000,145.1000,171111.686,145.1000,5718
BCHUSDT,d,20220731,000000,145.5000,150.4000,138.6000,139.3000,114360.178,139.3000,5718
BCHUSDT,d,20220801,000000,139.3000,142.2000,134.0000,137.9000,105345.003,137.9000,5718
BCHUSDT,d,20220802,000000,137.8000,139.0000,128.7000,133.6000,129660.243,133.6000,5718
BCHUSDT,d,20220803,000000,133.7000,143.0000,130.3000,133.9000,101424.294,133.900,5718
BCHUSDT,d,20220804,000000,133.8000,138.5000,132.4000,134.3000,67760.229,134.3000,5718
BCHUSDT,d,20220805,000000,134.3000,142.2000,133.9000,142.0000,110725.564,142.000,5718
BCHUSDT,d,20220806,000000,141.9000,143.5000,139.0000,141.3000,84623.502,141.300,5718
BCHUSDT,d,20220807,000000,141.3000,143.9000,137.9000,141.0000,62440.095,141.0000,5718
BCHUSDT,d,20220808,000000,141.0000,148.1000,140.2000,143.6000,96906.152,143.6000,5718
BCHUSDT,d,20220809,000000,143.6000,144.5000,133.3000,134.7000,114292.149,134.700,5718
BCHUSDT,d,20220810,000000,134.8000,143.8000,131.4000,142.2000,107977.375,142.2000,5718
BCHUSDT,d,20220811,000000,142.1000,148.8000,141.7000,142.9000,145427.074,142.900,5718
BCHUSDT,d,20220812,000000,142.9000,143.4000,138.4000,143.2000,66455.021,143.2000,5718
BCHUSDT,d,20220813,000000,143.2000,147.1000,142.4000,144.2000,63364.535,144.200,5718
BCHUSDT,d,20220814,000000,144.2000,147.7000,138.1000,139.5000,79063.388,139.500,5718
BCHUSDT,d,20220815,000000,139.5000,143.4000,133.8000,137.3000,93714.526,137.3000,5718
BCHUSDT,d,20220816,000000,137.2000,138.5000,134.5000,136.4000,50347.98,136.4000,5718
BCHUSDT,d,20220817,000000,136.4000,144.9000,132.4000,133.8000,127264.604,133.8000,5718
BCHUSDT,d,20220818,000000,133.8000,136.4000,127.2000,129.1000,100726.995,129.1000,5718
BCHUSDT,d,20220819,000000,129.0000,129.1000,113.4000,114.4000,176757.332,114.4000,5718
BCHUSDT,d,20220820,000000,114.5000,118.3000,114.4000,116.9000,43989.754,116.9000,5718
BCHUSDT,d,20220821,000000,114.7000,120.6000,114.2000,119.7000,76778.071,119.7000,5718
BCHUSDT,d,20220822,000000,119.8000,123.5000,113.3000,122.7000,102465.719,122.7000,5718
BCHUSDT,d,20220823,000000,122.7000,135.8000,119.9000,133.3000,161836.75,133.3000,5718
BCHUSDT,d,20220824,000000,133.4000,139.3000,130.3000,130.4000,122996.9,130.4000,5718
BCHUSDT,d,20220825,000000,130.4000,132.8000,128.5000,130.6000,72298.195,130.6000,5718
BCHUSDT,d,20220826,000000,130.6000,130.6000,114.8000,116.0000,126679.418,116.0000,5718
BCHUSDT,d,20220827,000000,116.1000,118.5000,113.1000,115.2000,144100.114,115.2000,5718
BCHUSDT,d,20220828,000000,115.2000,121.3000,111.7000,112.6000,83911.529,112.6000,5718
BCHUSDT,d,20220829,000000,112.6000,123.5000,110.8000,119.6000,110325.449,119.6000,5718
BCHUSDT,d,20220830,000000,119.4000,120.8000,111.7000,114.6000,96427.498,114.6000,5718
BCHUSDT,d,20220831,000000,114.6000,118.0000,114.2000,115.2000,50247.786,115.2000,5718
BCHUSDT,d,20220901,000000,115.0000,117.2000,112.9000,116.7000,65712.911,116.7000,5718
BCHUSDT,d,20220902,000000,116.7000,120.5000,114.6000,116.3000,107018.715,116.3000,5718
BCHUSDT,d,20220903,000000,116.4000,119.7000,115.8000,117.8000,82739.11,117.8000,5718
BCHUSDT,d,20220904,000000,117.8000,118.4000,115.8000,118.3000,66196.254,118.300,5718
BCHUSDT,d,20220905,000000,118.4000,126.4000,117.0000,125.7000,103294.28,125.7000,5718
BCHUSDT,d,20220906,000000,125.7000,128.0000,111.7000,112.2000,145978.29,112.200,5718
BCHUSDT,d,20220907,000000,112.2000,119.5000,110.3000,118.7000,110684.74,118.700,5718
BCHUSDT,d,20220908,000000,118.8000,130.5000,115.9000,126.5000,212852.998,126.5000,5718
BCHUSDT,d,20220909,000000,126.6000,140.2000,126.0000,132.7000,269297.023,132.7000,5718
BCHUSDT,d,20220910,000000,132.7000,135.0000,131.0000,131.8000,60833.757,131.800,5718
